0.0001677482331889 0.447712457735782 0.000167743000683462 0.551952051030346
0.00013191564210395 0.585112827047915 0.000131271497798129 0.414623985812183
0.00246564044523212 0.491283919394166 0.00858828502690895 0.497662155133693
0.000280220644057527 0.837095269054887 0.00565851313701015 0.156965997164046
0.00194104083047383 0.505294473714732 0.00604882440595366 0.486715661048841
0.00017536336928257 0.715399825138348 0.00163436985112339 0.282790441641246
0.00156427350634102 0.852655660022077 0.00453332168805634 0.141246744783526
0.000461829872870489 0.35813562419991 0.0765364088963909 0.564866137030829
0.00019269394126227 0.703216629436842 0.00202342634899529 0.294567250272901
0.000193466869703195 0.802632486449228 0.000193253009914153 0.196980793671155
0.000161114738664001 0.476180952734743 0.000161040478045615 0.523496892048547
0.000953235545210168 0.790380709183551 0.0010376694751246 0.207628385796114
0.000189488986589022 0.473547572615445 0.0069389202898417 0.519324018108124
0.000334551347847958 0.432948723931816 0.000546035428549661 0.566170689291786
0.00337111352905251 0.597380670199486 0.00688287711332513 0.392365339158136
0.000183558932369956 0.489475437537361 0.000716053918820938 0.509624949611448
0.000197571408308222 0.614804709124421 0.000682771128312765 0.384314948338958
0.000260685578063639 0.149465046648581 0.00552758193833436 0.844746685835021
0.000221380833019202 0.648508821216261 0.00179198197854733 0.349477815972172
0.000162367409499351 0.535605265346923 0.000201419087538972 0.464030948156039
0.000170865223093222 0.606653223716356 0.000170903882565253 0.393005007177985
0.000191811201302103 0.670612325775737 0.00122837821882033 0.327967484804141
0.000177391499135942 0.5220837366928 0.000886055929984387 0.47685281587808
0.000149190098693774 0.45165652549551 0.000149263357273439 0.548045021048522
0.000170868221177938 0.514782195732339 0.000609529955564212 0.484437406090919
0.000233318332795861 0.691121939325565 0.00274760801943185 0.305897134322207
0.000194039175247596 0.584187551074647 0.000194128388248083 0.415424281361857
0.000172534789932093 0.739482075115208 0.00309671675696448 0.257248673337895
0.000188799652968822 0.726616619613205 0.000910145673098633 0.272284435060727
0.000174057887186869 0.445440900453711 0.00230602989355972 0.552079011765543
0.000590650044862515 0.706856085406535 0.00169674785178039 0.290856516696822
0.00082819117017115 0.571973417303044 0.00210614852076022 0.425092243006024
0.000212108751261994 0.436515898709088 0.000605715524074519 0.562666277015575
0.000425290924661651 0.212753459263637 0.0147247599664389 0.772096489845262
0.000390598000072106 0.440954377908018 0.000340779986446665 0.558314244105463
0.000190944934833874 0.660417568541634 0.00270449019783262 0.3366869963257
0.000163960923294944 0.479831706233724 0.000163436109132372 0.519840896733849
0.00017392812444697 0.512166361580223 0.00196126529767984 0.48569844499765
0.00127542129721366 0.414509607821054 0.00497723972220049 0.579237731159532
0.000461563173293111 0.474704001523593 0.0388566425661629 0.485977792736951
0.00182059941485558 0.504217634660941 0.00296052134158042 0.491001244582623
0.000202755068478898 0.452768468550209 0.00426832440685761 0.542760451974455
0.00020870690628824 0.535584738187216 0.002947432216639 0.461259122689857
0.000167780917418646 0.44554896083142 0.000171222968464989 0.554112035282697
0.00205293874292133 0.666266500326798 0.00834413681439993 0.323336424115881
0.000181309902494364 0.392856159235612 0.00183900135236201 0.605123529509532
0.000697444172528911 0.575692599103731 0.00249406955379867 0.421115887169941
0.000204442084777167 0.108464368828092 0.000574376402032334 0.890756812685098
0.00211568970226544 0.62111259169812 0.00166076471783643 0.375110953881778
0.000956342757297343 0.689963252459878 0.000394533783564944 0.30868587099926
0.00015983648863576 0.333679317304728 0.000303068269442236 0.665857777937194
0.000187406509860523 0.711134310491831 0.00078650533189599 0.287891777666412
0.000407601388601361 0.635157857831139 0.00898693121600701 0.355447609564252
0.000187192695976665 0.576080633447498 0.000675275260563224 0.423056898595962
0.000691154989827033 0.66292612005555 0.00502680829084682 0.331355916663776
0.000205268341376356 0.629255276802835 0.000868583411081941 0.369670871444707
0.000220424548205013 0.45518494595275 0.000931699764183867 0.543662929734861
0.000188336565582567 0.499523437890046 0.00273429865818839 0.497553926886183
0.00022897799523612 0.361818844465417 0.00193391557809984 0.636018261961247
0.000269291045775779 0.736670156827988 0.00501022737400347 0.258050324752233
0.000203913786189633 0.506123961179919 0.000716208821382628 0.492955916212509
0.00010291550612471 0.0848639494618417 0.000874192927915227 0.914158942104118
0.0043317615124557 0.765390088839761 0.0019690394387169 0.228309110209067
0.00028529172827273 0.238370251586731 0.000164664453636307 0.76117979223136
0.0010015467522225 0.463858709696694 0.00731930121417672 0.527820442336907
0.000118084471304745 0.672274321282929 0.000330410140658381 0.327277184105107
0.000208733900353208 0.434360669542262 0.00385216649610755 0.561578430061278
0.000202810167262118 0.493867512643203 0.00212086628388279 0.503808810905652
0.000192230899004472 0.547548208471434 0.00113077694834312 0.451128783681218
0.000258436843903457 0.62090165622717 0.0102233187471858 0.368616588181741
0.000573213001001988 0.782369885471582 0.00223019340832907 0.214826708119086
0.000179284013082086 0.577927148732961 0.00163182332328206 0.420261743930675
0.000214018704053469 0.685231658635177 0.00400224674433278 0.310552075916436
0.000177767816049826 0.536819747192008 0.000178010857120169 0.462824474134822
0.00379189129164424 0.285247551384595 0.0170466633776745 0.693913893946087
0.000660170016125999 0.50857160885166 0.000750212197690403 0.490018008934524
0.000199465672824302 0.569530532568864 0.00123840942372515 0.429031592334587
0.00162030126370252 0.629513060716464 0.00419037759120536 0.364676260428628
0.00118523363988176 0.636764854505699 0.00101743062601303 0.361032481228406
0.000187837348559647 0.667887371131636 0.0084862979582167 0.323438493561588
0.000142743945283091 0.794178237384945 0.000302122226297095 0.205376896443475
0.00022839204414747 0.727019068755478 0.00271106178184527 0.270041477418529
0.000159259135376765 0.283855943774309 0.000344430260724473 0.71564036682959
0.003191574709533 0.53502293192594 0.00118332683368449 0.460602166530842
0.000161104420432288 0.617517218525002 0.000224400174934252 0.382097276879631
0.000363696639990884 0.490949812671345 0.0289212861951121 0.479765204493552
0.00590042336036508 0.529209963461913 0.0199708449451545 0.444918768232568
0.000225751674288477 0.506792544259876 0.00144952376678317 0.491532180299052
0.00107877086843859 0.746300213001668 0.00215978740001919 0.250461228729874
0.00196154140201456 0.611953334202201 0.0243043021073503 0.361780822288434
0.000584201736175571 0.505709378292792 0.000854390078992305 0.49285202989204
0.000264469761075136 0.297865864101491 0.00435171071555858 0.697517955421875
0.00015193351867288 0.476217417938282 0.000582793562422547 0.523047854980622
0.000176455628515839 0.634901168234068 0.000932231922769315 0.363990144214647
0.000708179893064788 0.453117695448666 0.00101441601988276 0.545159708638386
0.000153855696451059 0.671358615454666 0.000366313670713991 0.328121215178169
0.000562922023762187 0.363604650539105 0.00192338749110002 0.633909039946033
0.00115750292368906 0.636041091224132 0.00112536269795547 0.361676043154224
0.00259083520585007 0.703331547614814 0.00453075721266714 0.289546859966669
0.000178390441604652 0.629866880926614 0.000855125204858577 0.369099603426923
0.000187928085144969 0.606885315763678 0.00117453079275595 0.391752225358421
0.000344961369480315 0.609850474650762 0.00791777162512748 0.38188679235463
0.000135228096029953 0.476977995250105 0.000135286330861221 0.522751490323003
0.000195739500786787 0.707533196025005 0.00250287027522606 0.289768194198982
0.000207877155995732 0.434407308467709 0.000207668664321269 0.565177145711974
0.000705910428989154 0.56775024746413 0.0107573006127983 0.420786541494082
0.0094660865434221 0.667918001090808 0.00293603004309832 0.319679882322671
0.000492379476946772 0.579786804528617 0.000988786886367552 0.418732029108069
0.000278689305163575 0.557377417625592 0.0172613778452623 0.425082515223982
0.000516242884498777 0.455282268262299 0.00175564181548971 0.542445847037713
0.000165055264775646 0.464299042643367 0.000414172564244493 0.535121729527613
0.000160829230909577 0.394546883695797 0.000175404506290692 0.605116882567003
0.000184468756886521 0.274087309297681 0.000493220782166709 0.725235001163266
0.00162608945101994 0.616069628545433 0.00171140876313292 0.380592873240414
0.000937084726078163 0.733759754884506 0.00159543651085483 0.263707723878561
0.000138920806663527 0.694866668029656 0.000217195772283847 0.304777215391396
0.000245284581652419 0.528301476940178 0.000123151473761778 0.471330087004408
0.00017225256412509 0.527328800149447 0.00156206235168617 0.470936884934742
0.000469576147834491 0.495142901107633 0.00224611799295039 0.502141404751582
0.000164884737531738 0.576131992935779 0.000575708897953523 0.423127413428736
0.000179564622186602 0.694549900600186 0.000244762858794915 0.305025771918832
0.000160289385341461 0.527633740982952 0.00417474381860927 0.468031225813097
0.000339132320445278 0.579305503191035 0.000191118844737288 0.420164245643783
0.000184692531390876 0.547390467717338 0.000629539100713463 0.451795300650558
0.000154693516906617 0.692463521587307 0.000155021601006309 0.307226763294781
0.000220803135260092 0.465378004725811 0.00154813167485677 0.532853060464072
0.000170592227994243 0.688015161694098 0.000170623718749702 0.311643622359158
0.00057986951375803 0.522113704656145 0.00163632726161261 0.475670098568484
0.000962832325668203 0.676274812839152 0.000827212746555752 0.321935142088624
0.000205343370564303 0.599171481671451 0.00363712161984757 0.396986053338137
0.000213678560884801 0.523852035247249 0.00123976629241848 0.474694519899448
0.00159608154138452 0.798448414436088 0.000779343159897862 0.19917616086263
0.000174207973134235 0.452980206733683 0.000400587627675596 0.546444997665507
0.00156186784656218 0.520745570981106 0.00840274419863376 0.469289816973698
0.000167739408811528 0.468669868140037 0.000655521028356351 0.530506871422795
0.000176209032890553 0.471017837896868 0.00273200573290278 0.526073947337339
0.00118955159700192 0.379614247349289 0.00241727023522823 0.616778930818481
0.0017359952921397 0.292497342246367 0.00363226423544331 0.70213439822605
0.000255432959743543 0.598754945637949 0.00400310579527246 0.396986515607035
0.000147389268406467 0.605252563731081 0.000147308511747676 0.394452738488765
0.000209524328952992 0.477278646875276 0.000553795402058328 0.521958033393712
0.00105073102060675 0.637541548098072 0.00640222836937833 0.355005492511943
0.000201328604950252 0.327294859003563 0.000885483924480842 0.671618328467005
0.000267905230018394 0.660876020498035 0.00450289374162343 0.334353180530323
0.000182568867190732 0.306437923319196 0.00143493382743499 0.691944573986179
0.00115019707930449 0.29087607887255 0.00164436288415014 0.706329361163995
0.000239915999792314 0.491194710879211 0.00820523637497666 0.50036013674602
0.00145655950149183 0.640140020481245 0.00207159228245132 0.356331827734812
0.000160767826654163 0.672552730134003 0.000713372117394013 0.326573129921949
0.000186264497918646 0.269531526498511 0.000447308225135813 0.729834900778435
0.000171538616411356 0.488501705093907 0.000171713259568089 0.511155043030113
0.000244094153917934 0.743930476857752 0.00617338777295875 0.249652041215371
0.000235820934406037 0.625799306864669 0.00202829934159053 0.371936572859335
0.000179358376616459 0.495915618138198 0.000321966171947191 0.503583057313239
0.000686546729984205 0.520755117329965 0.00232612134050822 0.476232214599543
0.000151092642772821 0.582242263726938 0.00343435761906309 0.414172286011227
0.000163207503959343 0.756543781419512 0.00116595151486862 0.24212705956166
0.000187155204690307 0.671769865705489 0.000786588862426601 0.327256390227394
0.000926489792863506 0.471563468609082 0.00130000387228024 0.526210037725774
0.00100844106190489 0.529721256775966 0.00148638112645844 0.467783921035671
0.000185563925840263 0.400715792122134 0.000268765759086881 0.598829878192939
0.00046934603392894 0.579838499994454 0.00176798932915273 0.417924164642464
0.000473579583205979 0.440128769412731 0.354785632757015 0.204612018247048
0.00109680955155123 0.275660354808409 0.00392694115742646 0.719315894482613
0.00425446754206954 0.729415880500753 0.00922165974971845 0.257107992207459
0.000173534699910394 0.437679397430341 0.000172984864356601 0.561974083005392
0.000170862476973563 0.663087269330025 0.000170842117439128 0.336571026075562
0.000452831823518367 0.681868943869006 0.00294415075486527 0.314734073552611
0.000770486925827259 0.733865631376358 0.000914504277864245 0.264449377419951
0.000190973670645694 0.444794721264627 0.00151727362511094 0.553497031439616
0.00102719158884844 0.730808114201592 0.00084111958882525 0.267323574620734
0.000159859250296099 0.378373315282083 0.000695945611358413 0.620770879856262
0.000853428221663599 0.699067708709723 0.0008005644406083 0.299278298628005
0.00140828903714199 0.415259902185605 0.00828223108990644 0.575049577687347
0.00336427422318845 0.454883945524334 0.00374263449458399 0.538009145757893
0.000195291272030183 0.376901697944995 0.00241756352578859 0.620485447257187
0.000334997437953919 0.656864773556472 0.00709955360140993 0.335700675404164
0.000745297721685732 0.63221531798643 0.000821827394851531 0.366217556897033
0.000223593048338114 0.671359996189962 0.00349591507301896 0.324920495688681
0.000705758713280076 0.598761299221469 0.00337287796435438 0.397160064100897
0.00197214386291233 0.538800748371153 0.0152529121170097 0.443974195648925
0.000542592635806829 0.714345604008921 0.000157364800193259 0.284954438555079
0.000228162068782848 0.458115487439824 0.00294688205293919 0.538709468438454
0.0409706636652412 0.759807282208069 0.00501668095519362 0.194205373171496
0.00335542249834502 0.435290567755724 0.0130245109523987 0.548329498793532
0.000254877168076143 0.47782382136798 0.00253568730268314 0.51938561416126
0.000508427186054874 0.675832654474396 0.00323951206685823 0.32041940627269
0.00225923575816191 0.477563697815804 0.00193902448670525 0.518238041939329
0.000185344572958742 0.693589500943322 0.000544731651363457 0.305680422832356
0.000471836106091954 0.433569512512676 0.0010116254641201 0.564947025917112
0.00249130011473517 0.64795370710617 0.00130687073506044 0.348248122044034
0.000195122333897556 0.558622117182162 0.000281330152618142 0.440901430331322
0.0197200028208492 0.555571294780439 0.011301130582599 0.413407571816112
0.000954909669967069 0.384699689627686 0.0308052957038109 0.583540104998536
0.00313740262110186 0.447307171687623 0.0054515526384169 0.544103873052858
0.000173030957972386 0.369074420214611 0.000348939460613397 0.630403609366803
0.00100054869921411 0.545188452323124 0.00229948823521591 0.451511510742446
0.000164588424202685 0.352790792608665 0.000165010632626275 0.646879608334506
0.00162607919091671 0.746982242408523 0.00214262746106653 0.249249050939494
0.00105149798396415 0.775188596893201 0.00380728127597268 0.219952623846862
0.000149552974930126 0.724945092002487 0.000150029604851436 0.274755325417731
0.000173383545411508 0.207732720368377 0.000189133418287233 0.791904762667924
0.000754120456205824 0.699627534196507 0.001933491624003 0.297684853723285
0.000301818049274311 0.797225818341907 0.00806962125605586 0.194402742352763
0.000909590480725272 0.660470512486014 0.00458207465036029 0.334037822382901
0.000169634851777887 0.74775412910046 0.00121946250581315 0.250856773541949
0.00035698374316503 0.701705003422058 0.00406376101718718 0.29387425181759
0.000515568296178039 0.48350280508476 0.00495123003797246 0.51103039658109
0.00143510912499078 0.606683653016317 0.00203447748372371 0.389846760374968
0.000206007949728912 0.833828009602281 0.00319446779171639 0.162771514656274
0.000159430396000773 0.369030900695206 0.000965404841590748 0.629844264067202
0.000202819853295613 0.641727661357238 0.00131028077603538 0.356759238013431
0.000226784051112696 0.628206998721802 0.00278652322972118 0.368779693997364
0.00017231624213998 0.653074052677329 0.000823222701506396 0.345930408379025
0.000205272310558393 0.472102660504472 0.00193761249135793 0.525754454693612
0.000137598071100392 0.596262689635612 0.000472814984272672 0.403126897309015
0.000217256023954317 0.667257213060157 0.0014772501251604 0.331048280790729
0.001371711023341 0.643642986377568 0.00180606017912149 0.353179242419969
0.000221830675236085 0.583592995195032 0.0010590236785208 0.415126150451211
0.000228577001907488 0.253696150812574 0.00198198172773172 0.744093290457787
0.000191056921060714 0.238902203801204 0.000191148863379815 0.760715590414355
0.00018715880877005 0.466824715109243 0.000953988146079495 0.532034137935907
0.000149465053699283 0.732691093665783 0.00155600844594745 0.26560343283457
0.000217770944981234 0.595637277412377 0.00286114672137697 0.401283804921264
0.000160225757802421 0.454021201949074 0.00241002354772683 0.543408548745397
0.000583894005064752 0.448902762536465 0.00182702478046786 0.548686318678002
0.000201759747536242 0.611240783194226 0.000228110249082264 0.388329346809155
0.000199808226646217 0.399454038622697 0.000931055551378072 0.599415097599279
0.000181801497383359 0.238113825582456 0.00108130684740984 0.760623066072751
0.000201449047528305 0.328440015277106 0.00125223314465264 0.670106302530713
0.000168389744587006 0.219658084081345 0.000529453945954558 0.779644072228114
0.0002463735399409 0.124641532093501 0.168054827031842 0.707057267334717
0.000364744596269285 0.263116099353657 0.000469609273745142 0.736049546776329
0.00121246711357495 0.78210299395529 0.00232153168905654 0.214363007242078
0.00552510144179312 0.486744405271445 0.0103609366770912 0.497369556609671
0.00335869767608131 0.660967974036292 0.0414991303534888 0.294174197934138
0.00209658270442564 0.84305063913351 0.000874189944257173 0.153978588217807
0.00135598927008586 0.601778175171531 0.00204498383986383 0.394820851718519
0.000207093480199648 0.210448720520332 0.000392339472187727 0.788951846527281
0.000211088088003542 0.400772330320662 0.000964348368007226 0.598052233223327
0.000206968266123783 0.405408706874319 0.00149594522641278 0.592888379633145
0.000220037563566314 0.268211841533309 0.00159221438202171 0.729975906521103
0.000349156752908766 0.53269481516522 0.00222221271378315 0.464733815368088
0.000171261470001644 0.682736624241736 0.000311432474293505 0.316780681813969
0.00016623035750335 0.292791857770403 0.000761994750744265 0.70627991712135
0.00089307271965209 0.582695340355053 0.00161443601464071 0.414797150910654
0.00204796307983085 0.641200288838977 0.0033913357988446 0.353360412282347
0.000126712537416085 0.49616216852584 0.00018040439499719 0.503530714541747
0.000194017979768469 0.437924077681188 0.000738393253333427 0.56114351108571
0.00201786722722583 0.777551112053805 0.000528162121139837 0.219902858597829
0.00111895061645485 0.475333672616076 0.0113718473114664 0.512175529456003
0.000188352623206519 0.38550655131592 0.00211069591976865 0.612194400141105
0.000396229353593095 0.564196769254063 0.000454132479700855 0.434952868912643
0.00016553978209784 0.674544169843345 0.000165778378629697 0.325124511995928
0.000424896348165161 0.480669422379218 0.0078249269138211 0.511080754358795
0.000163367138256216 0.0979988293876577 0.00016333359963651 0.90167446987445
0.000208336169254407 0.354639085376924 0.00264683809079421 0.642505740363028
0.000178890524555018 0.471157894219835 0.000749096841873212 0.527914118413737
0.000174872597869371 0.617855530787165 0.000553594502451651 0.381416002112514
0.000159182693092234 0.4718495669635 0.000449818367701162 0.527541431975707
0.000216771059988486 0.616629511703801 0.00229561393191215 0.380858103304298
0.000152773612595471 0.330405960729764 0.000378795184696884 0.669062470472944
0.0140736481945701 0.569395928305211 0.143947679997365 0.272582743502854
0.000100289529616389 0.593360348597962 0.000100288274086612 0.406439073598335
0.00152043626324431 0.740226721578626 0.00333254118868588 0.254920300969444
0.0020154453988105 0.746046036597223 0.00177337413037353 0.250165143873593
0.000174193604151505 0.287957681918172 0.00403135321641165 0.707836771261265
0.000145896819570288 0.583788842462288 0.000377018107978254 0.415688242610164
0.000187082993363076 0.385422115329071 0.00299090615688293 0.611399895520683
0.000178330533290504 0.521718564433319 0.000178424541951629 0.477924680491438
0.00018507742193326 0.348806034721309 0.000759310566542685 0.650249577290215
0.000144325952195828 0.802017206299569 0.000621076452967389 0.197217391295267
0.000398437104865408 0.580521045317771 0.000179193677801474 0.418901323899562
0.000157934449684416 0.706310595756418 0.000195571540891116 0.293335898253007
0.000186362629552342 0.679566877554734 0.00336510765389769 0.316881652161816
0.000283835830156789 0.559463363670246 0.0239965392144239 0.416256261285173
0.000200073592105529 0.660888880523185 0.00122198683228968 0.33768905905242
0.0132740903284662 0.481993855017854 0.049481434453846 0.455250620199834
0.000190115196460421 0.722699999716326 0.00346631593278982 0.273643569154424
0.000167050222920207 0.532903097214293 0.000364065796682567 0.466565786766104
0.00438896952733421 0.473988400478738 0.00874922091014809 0.51287340908378
0.00049438611207408 0.725012415585629 0.000279128062368032 0.274214070239929
0.00019196084866191 0.580019052638024 0.0011553556456655 0.418633630867648
0.000108723135834581 0.561801143687992 0.00206585571423873 0.436024277461934
0.00527413707414819 0.672941761067126 0.0032141773888714 0.318569924469854
0.000147894443284813 0.530323125699894 0.000148356641296539 0.469380623215525
0.000682861283859664 0.749968340014661 0.000456793095796681 0.248892005605683
0.000158565223655188 0.572933568569052 0.00079043697114882 0.426117429236144
0.000213982148891928 0.786980504685975 0.000465658378768439 0.212339854786365
0.000191875324331541 0.621029160202115 0.00215364755329834 0.376625316920255
0.000225377056124168 0.432927947732684 0.00161958213285444 0.565227093078338
0.000161199595217324 0.511584873902904 0.000161564838565357 0.488092361663313
0.00019426577388353 0.489495629336218 0.00019339304843557 0.510116711841462
0.000158041201224105 0.278711027808399 0.0010352800786564 0.72009565091172
0.000373721759806916 0.57287144843201 0.00521181868708095 0.421543011121102
0.00315417090978797 0.50232131003936 0.0144591157584513 0.480065403292401
0.00102593372455349 0.557555516556922 0.0031305209522292 0.438288028766295
0.0022765535665937 0.675598239954422 0.00133446535747279 0.320790741121511
0.000186596522056431 0.208888176599415 0.000186511523374246 0.790738715355154
0.000205878030569147 0.733962147772273 0.000846099396920366 0.264985874800238
0.000415671879228874 0.710065778562784 0.000795506967258075 0.288723042590729
0.0353684956080387 0.540628610528666 0.0689134405826764 0.355089453280619
0.00015614392927194 0.67271091048313 0.00421503505676313 0.322917910530835
0.000188025967215326 0.481476895363483 0.00254566888861244 0.515789409780689
0.000246551451210239 0.479500183720233 0.00827712517540344 0.511976139653153
0.00349349461701641 0.651492248279055 0.00282849572589022 0.342185761378038
0.000167984055203729 0.486500526899869 0.00037178506604502 0.512959703978883
0.000189343687150094 0.507885146227597 0.00261817061499834 0.489307339470255
0.00014965927650851 0.546641959063813 0.000150056407288303 0.453058325252391
0.000168459888239241 0.419216460216689 0.00133476008484032 0.579280319810232
0.000665992299279412 0.451053720718991 0.00253061705671057 0.545749669925019
0.000144142752557837 0.661566553098748 0.000144203777291642 0.338145100371403
0.000272646454718708 0.380534413780047 0.00333872185163881 0.615854217913595
0.024787752886729 0.603033930390165 0.0751151963862965 0.29706312033681
0.00306581690433101 0.673027291919634 0.00204231423176718 0.321864576944268
0.00360437569452026 0.615305440284994 0.00434804352008092 0.376742140500405
0.00055787841347148 0.646111219953958 0.00125181797391113 0.352079083658659
0.00122988039886726 0.535782001248538 0.00511815039462267 0.457869967957972
0.00151309093216721 0.642958547159301 0.00290578265249604 0.352622579256036
0.0360944682772351 0.289519241485746 0.0375459664897549 0.636840323747264
0.000153701740920355 0.79944949689639 0.000379790877068077 0.200017010485622
0.000190401369283145 0.864019617573149 0.00082462793196737 0.134965353125601
0.000185138798784355 0.627368628823621 0.000185667402331979 0.372260564975263
0.000538788487904625 0.62959774750696 0.00321488211252522 0.36664858189261
0.000158527706391767 0.605056273966521 0.000158482891884873 0.394626715435203
0.000182981424240683 0.792941909756983 0.000182700405752523 0.206692408413024
0.00025188419369899 0.577321823544408 0.00506398196017833 0.417362310301715
0.00024220962911452 0.547566399304774 0.00381843389128507 0.448372957174827
0.000128707245649648 0.532385039486475 0.000241443470578827 0.467244809797297
0.000574283463473627 0.44981842778266 0.00137608999043974 0.548231198763426
0.00155123912718889 0.405075394950771 0.00329455475119571 0.590078811170844
0.00347851394204807 0.497284618832989 0.00429022456155523 0.494946642663408
0.000197997756064775 0.455799075916858 0.00308423461387344 0.540918691713204
0.00123440953094566 0.36558407935483 0.0395615200006678 0.593619991113556
0.000185710286587408 0.4892645696625 0.00458140517146559 0.505968314879447
0.000221548061796829 0.34375644491849 0.00547848704654086 0.650543519973172
0.0002116732849314 0.804539004154537 0.0114627761393091 0.183786546421222
0.000479549168446695 0.497628424461989 0.0818436368188662 0.420048389550698
0.000169940949928422 0.569618181023288 0.000269101987902968 0.429942776038881
0.000151690682448194 0.464412687140135 0.000151442675675782 0.535284179501741
0.000152839046315164 0.684387523354419 0.000494012723615838 0.31496562487565
0.00101317439835701 0.681779671113324 0.00290843577959346 0.314298718708725
0.000227212399216481 0.599844675222855 0.00117098327920434 0.398757129098724
0.000254581454345075 0.537910128092092 0.00209711392551496 0.459738176528048
0.000925079919244207 0.566225302377103 0.00442823731181866 0.428421380391834
0.000570004450797351 0.694056324425924 0.00311152840764917 0.30226214271563
0.000210207883945431 0.530996019413741 0.00186695469953157 0.466926818002782
0.0016551709894873 0.732980249607589 0.00734760820540258 0.258016971197521
0.00986572526218664 0.675961090070859 0.0124147881616331 0.301758396505321
0.000178778764930886 0.583861236271621 0.0038870308349514 0.412072954128497
0.00328987437070047 0.468411445579583 0.00414410477386081 0.524154575275855
0.000183326509401489 0.278697616585377 0.000856859667107056 0.720262197238114
0.000178726138291568 0.81770190809129 0.00122746825515385 0.180891897515264
0.00297895595677086 0.676802871909148 0.0168279802305814 0.3033901919035
0.00102138344775862 0.75868765293464 0.00403445181790857 0.236256511799693
0.000177759209750607 0.455941377138164 0.00017777490011275 0.543703088751973
0.000191338169371499 0.736759321537091 0.000192862239268123 0.26285647805427
0.000253192272653388 0.659056267884733 0.00179372123003427 0.338896818612579
0.000368433421049673 0.513515447020256 0.00312046312950823 0.482995656429187
0.000515800500128034 0.675677616828342 0.00349853059777182 0.320308052073758
0.00828277987408796 0.516045792283714 0.031018668143784 0.444652759698414
0.000133593652567651 0.386228861150358 0.000577143546081485 0.613060401650993
0.000187003812524308 0.610530877566983 0.000186974123256859 0.389095144497235
0.00224334191903768 0.568163986761653 0.00321921447064886 0.426373456848661
0.000702062350941303 0.400455111849585 0.00105755531870662 0.597785270480767
0.000168421764119903 0.509402838004108 0.00101076023178869 0.489417979999983
0.000893256593783421 0.487543064325075 0.0017370540515668 0.509826625029575
0.000305813107240877 0.360720060253435 0.029042793570885 0.609931333068439
0.000294405212489901 0.731626777342208 0.00182095300345566 0.266257864441847
0.000172875570971099 0.680652973196654 0.00049688435166718 0.318677266880708
0.000155889330094195 0.629225697634124 0.000155924487444749 0.370462488548337
0.000317497733140817 0.697291623101754 0.0622282241627452 0.24016265500236
0.000187097373154837 0.589382607017705 0.000187215703932854 0.410243079905207
0.00121503549870705 0.594716318351772 0.000176829365430996 0.40389181678409
0.000815215351115525 0.521947509028942 0.00158279642952103 0.475654479190421
0.000189258696457936 0.479836377552962 0.000187033646165977 0.519787330104414
0.000161918741394007 0.301500437471255 0.000161078198593561 0.698176565588757
0.000178037624807672 0.610154653367537 0.000552863013007804 0.389114445994647
0.00199046724254147 0.752344499543069 0.000512274650469766 0.245152758563919
0.00015854339643962 0.393755436913694 0.000370393625053076 0.605715626064813
0.000177526808556551 0.613968429236779 0.000177744382997571 0.385676299571667
0.0017585148735272 0.443725644816464 0.0153036736475754 0.539212166662434
0.000198270961504113 0.729006147691092 0.000928747126721421 0.269866834220683
0.00484901183822516 0.534593973731105 0.00170146691175726 0.458855547518913
0.00337325709443942 0.466148112364414 0.00180768595670976 0.528670944584436
0.00159109444066636 0.77406859232485 0.00867322561403008 0.215667087620454
0.000193664122854684 0.533115842087663 0.00157188027523373 0.465118613514248
0.00166392124551697 0.562144006646745 0.0136533185514954 0.422538753556242
0.000547469694810871 0.678249299929702 0.000635456589526757 0.32056777378596
0.000175974250889564 0.39726373380893 0.000712614201793127 0.601847677738387
0.00142713265429019 0.578338023933374 0.0123766072562298 0.407858236156106
0.000626024716586446 0.66671598303951 0.00120538740624806 0.331452604837655
0.000209229908657926 0.554342199817532 0.00612926569233891 0.439319304581471
0.000244005361724552 0.539211726004339 0.00169700619032647 0.45884726244361
0.000170272485274877 0.580295129400373 0.000560189148401641 0.418974408965951
0.000281662779046843 0.599406379569823 0.00111669100136535 0.399195266649765
0.000231175086315377 0.762816937611717 0.00772304932832144 0.229228837973646
0.000181774801568136 0.61071462603229 0.000503428801491864 0.38860017036465
0.00094100843042441 0.418217553996421 0.00018233848285689 0.580659099090298
0.00128979995301179 0.705610130008856 0.00914530175238536 0.283954768285747
0.000299957663815274 0.561366222732576 0.0176083266625347 0.420725492941074
0.00106249494293105 0.581236357394403 0.00303828768069975 0.414662859981966
0.00016730327675425 0.721028777044681 0.000408054405499411 0.278395865273065
0.00014904959939488 0.373463874091571 0.000149811658479991 0.626237264650554
0.0078363724802414 0.0920286707833139 0.836996338683941 0.063138618052504
0.000205203291233077 0.163373596352163 0.000579340639954925 0.835841859716649
0.00176626542499349 0.612666384316771 0.00339585254594465 0.382171497712291
0.000242003879417524 0.546275815971564 0.00482935565662397 0.448652824492395
0.0222448700597494 0.465410087541817 0.299951262536978 0.212393779861455
0.000882824880595743 0.468804771201892 0.00148520336965329 0.528827200547859
0.000166199385170688 0.31350067860339 0.000166297755273495 0.686166824256166
0.00021865835584581 0.471726061283844 0.000426196971661943 0.527629083388648
0.000129917236807226 0.664242701267189 0.000129928891939957 0.335497452604064
0.000184907870711489 0.720834394853456 0.000937018017704323 0.278043679258129
0.000193705127327923 0.631293532632141 0.00209379545675868 0.366418966783772
0.000225521885775351 0.51269617305712 0.00154467734865898 0.485533627708445
0.000186052333661489 0.599725921231255 0.00279016620441367 0.39729786023067
0.000284422996931733 0.312963596294158 0.00172513374929251 0.685026846959618
0.000808843051237848 0.611668680043945 0.00076077669162604 0.386761700213191
0.000156998371513925 0.638415244047462 0.00110106240779255 0.360326695173231
0.000190470311523916 0.473650027718547 0.00026693406436918 0.52589256790556
0.000157922736118213 0.483564578165197 0.00015791988934117 0.516119579209343
0.00128680213248184 0.761492427834898 0.0135725395069424 0.223648230525677
0.000218975731395495 0.351925391630261 0.00429439695983599 0.643561235678507
0.0042762356346348 0.105934610767672 0.724367484192083 0.16542166940561
0.00153658263406913 0.53052841372294 0.00599314034596992 0.461941863297021
0.00102792168209525 0.663282969015083 0.00371198752468396 0.331977121778138
0.000176083381411147 0.554234735152083 0.000630437203370339 0.444958744263136
0.00186219937600104 0.515568972795822 0.0112419787436948 0.471326849084482
0.000171794549610153 0.595233556708803 0.000171776228437559 0.404422872513149
0.00120483865855086 0.528288438452799 0.00556772304056164 0.464938999848089
0.000272064635642087 0.492715213808509 0.00859834567407265 0.498414375881777
0.000128145093284126 0.598543604599174 0.00012845310709938 0.401199797200442
0.000123042570160451 0.615039265498811 0.000122793693583561 0.384714898237444
0.00195831445110308 0.583802102673404 0.000567503125666231 0.413672079749827
0.000176503838799419 0.545622354019195 0.000856430044562782 0.453344712097443
0.000535806173076378 0.326442225255633 0.171599979435727 0.501421989135563
0.00158078231684724 0.45392403536932 0.00649796764778156 0.537997214666051
0.000311493575995149 0.772811230626874 0.00055726807870523 0.226320007718426
0.000215308827871744 0.556161561960874 0.00267985749122938 0.440943271720025
0.000290547737922068 0.443043053973006 0.00354246982807343 0.553123928460999
0.000204468153923228 0.593595179702774 0.00200242932856605 0.404197922814736
0.000186978404425289 0.620226683065108 0.00094818366240004 0.378638154868067
0.000229964104610001 0.639826128814019 0.0149130410250251 0.345030866056346
0.000635176766018275 0.644653226263308 0.00739877909297941 0.347312817877695
0.000196798076915355 0.56463141597709 0.000727794914327142 0.434443991031668
0.00151689008837315 0.679106626200979 0.00295038571776345 0.316426097992884
0.000198048244239848 0.517067962896652 0.00101493295511681 0.481719055903991
0.000166796078256133 0.581625232488993 0.000167245462587052 0.418040725970164
0.000183164559441662 0.590140954359508 0.000713664324675184 0.408962216756375
0.000183851553537104 0.531213488438782 0.000660178619885666 0.467942481387795
0.000457323195068124 0.727872368550047 0.00107763809323278 0.270592670161652
0.00202662252984422 0.556235017345819 0.00414525787667738 0.43759310224766
0.000668265481902145 0.462624485665751 0.00232044001836045 0.534386808833986
0.000905764179998446 0.602685694085622 0.000927006480961153 0.395481535253418
0.000183397877500822 0.466616753645621 0.000183165416796776 0.533016683060082
0.0156346886831266 0.108194016300003 0.615379832960965 0.260791462055906
0.000428012596099317 0.490486321594708 0.0355762187962839 0.473509447012909
0.000204737157954255 0.562057312994694 0.000439331538684573 0.437298618308667
0.000986637700130539 0.498744397117522 0.00508516489651643 0.495183800285832
0.00166301138541237 0.72504059640045 0.000869289146985527 0.272427103067152
0.000233923780247916 0.563806651523317 0.00484338804517971 0.431116036651256
0.0150799743199953 0.57354815816132 0.00252741832819762 0.408844449190487
0.00934868755746898 0.539234345786615 0.0195112615969277 0.431905705058988
0.000191759498515812 0.520494457308749 0.000705603480950644 0.478608179711785
0.000176434023517911 0.581269793707122 0.00147793671871472 0.417075835550646
0.000230985051419688 0.570019656658393 0.00209393143652577 0.427655426853662
0.000240427723694547 0.305884662663455 0.0090456070097929 0.684829302603058
0.000189373012460657 0.514336585959083 0.000412135441408487 0.485061905587048
0.000160895422276654 0.552588389934099 0.000981108056490159 0.446269606587135
0.000214746692101831 0.3536713111378 0.000560272674513123 0.645553669495585
0.000203367415623578 0.577625666077288 0.00160383218147682 0.420567134325611
0.00012550428926862 0.350533672352073 0.000125334599792281 0.649215488758866
0.000341410477808675 0.382280623086173 0.00237959453978816 0.61499837189623
0.00018254225978477 0.252844223368685 0.00378504272336588 0.743188191648164
0.000151375121211876 0.621383987432481 0.00115549045677977 0.377309146989528
0.000219622535577406 0.669138426658061 0.00159670140228422 0.329045249404077
0.000158713503832834 0.671800430483374 0.000179252245183093 0.32786160376761
0.000128916371539515 0.590559558895593 0.000337617824454522 0.408973906908413
0.000362183225644099 0.178586922592617 0.106578744122184 0.714472150059555
0.00262088576911083 0.798743890487248 0.00205032192466423 0.196584901818977
0.000221189874907643 0.403909627819881 0.0040530049511106 0.591816177354101
0.000144344091087183 0.613754616092252 0.000144286182815915 0.385956753633844
0.000199104539458318 0.639294501741122 0.000883054270652293 0.359623339448767
0.00018254915045908 0.504928223166666 0.00032605238908345 0.494563175293791
0.000199543988211975 0.584068303585358 0.00186712781281153 0.413865024613619
0.000176280261504624 0.471752239991734 0.0100942272890745 0.517977252457687
0.00235346784950333 0.640822885500296 0.00610469631121463 0.350718950338986
0.000209215062946547 0.432000254262534 0.0023476122071923 0.565442918467327
0.000734395571160495 0.688493473824405 0.00174850194978658 0.309023628654648
0.000200660158795733 0.671804484476831 0.000200646114396839 0.327794209249976
0.00021132669704126 0.365608893594771 0.00183468785649423 0.632345091851694
0.000218043873508626 0.522052979812434 0.00221296501914714 0.47551601129491
0.000199914712635584 0.210036271882953 0.00166034724730203 0.788103466157109
0.000190730288091876 0.388050014116973 0.00129814890717428 0.610461106687761
0.000164886518402847 0.418743404854789 0.000164840834747721 0.58092686779206
0.0069868344930734 0.555697629562229 0.00500422989548948 0.432311306049208
0.000132008873771964 0.578595281434077 0.000758819269294941 0.420513890422856
0.010178124343751 0.49213598187503 0.00585720750611232 0.491828686275107
0.00229133450488946 0.706350389794146 0.0104394761111432 0.280918799589821
0.00112990664516807 0.407342174873571 0.0048652378296371 0.586662680651624
0.000529504066867008 0.713165388213431 0.00486809739735951 0.281437010322343
0.00014034699420526 0.182853774754772 0.00115425849758852 0.815851619753435
0.00020148491475794 0.61827091467083 0.00147776997077216 0.38004983044364
0.000186710177181253 0.730066849922408 0.00454425293861827 0.265202186961793
0.000208609509808329 0.530817637052168 0.000865596727187637 0.468108156710836
0.00286276571913353 0.540229033097808 0.0117868362801369 0.445121364902922
0.00107827015477633 0.573924347608792 0.00185332807225087 0.423144054164181
0.000497318931377461 0.625211771177567 0.000405852438135042 0.37388505745292
0.000267160024272316 0.373324666474973 0.0102538209793785 0.616154352521376
0.000197587426883102 0.774843315062889 0.00191026546692852 0.223048832043299
0.000194534250440187 0.589356045334024 0.00019456287613739 0.410254857539398
0.000166025548715276 0.428074855330655 0.00121340846468019 0.57054571065595
0.00118262453305073 0.557937500198226 0.00706696893708919 0.433812906331634
0.000803890599729633 0.258451771727152 0.0242826972091855 0.716461640463933
0.000197563639500952 0.581795772253713 0.000681594532862472 0.417325069573924
0.000990128069017575 0.663346766382196 0.000742491332578364 0.334920614216208
0.000238961535831463 0.42878100866378 0.00539926538669642 0.565580764413692
0.0051055739080419 0.709383747149843 0.00848620014846261 0.277024478793652
0.000199908926193855 0.393565893502395 0.000838003496591221 0.60539619407482
0.000250407760557509 0.586409412043676 0.096834043630663 0.316506136565103
0.000184359561640716 0.601538351956231 0.000419266500367028 0.397858021981761
