0.00172582121259571 0.674560028171561 0.000612170256652269 0.323101980359191
0.000593115912562813 0.264623739128044 0.00164566205044069 0.733137482908953
0.00116665273919496 0.667121553690826 0.0038366811211226 0.327875112448856
0.000161373115618612 0.643232631215317 0.000773995390323513 0.355832000278741
0.00017202187756173 0.825065148799334 0.000170992545451045 0.174591836777654
0.000155389468465492 0.495344556420478 0.000317570685354409 0.504182483425702
0.000162934427113841 0.516020288487014 0.000161741574248361 0.483655035511624
0.00264775050891299 0.580033263149115 0.00853499545017089 0.408783990891802
0.000207518962997367 0.484934702767075 0.00220699448596803 0.51265078378396
0.00112843163978431 0.489007141287753 0.000236821735252051 0.509627605337211
0.000157738934979491 0.499206313660294 0.000692896062201651 0.499943051342525
0.000182007380773641 0.484484539929752 0.00124552919709555 0.514087923492378
0.000228474182961937 0.298773160756417 0.00135496158392016 0.699643403476701
0.000156185452821777 0.513052201548613 0.000156276344796206 0.48663533665377
0.00325079726208497 0.414649056157031 0.028785439385755 0.553314707195129
0.000184234477251268 0.532824235713605 0.00146261974446978 0.465528910064674
0.000186178850437384 0.543140290172839 0.000444619936589583 0.456228911040134
0.00012202204376834 0.806245721135036 0.000121628507440053 0.193510628313755
0.000134141396447633 0.244474150666422 0.000249089628480464 0.75514261830865
0.000846137622520859 0.510820017569467 0.00124463255968372 0.487089212248329
0.000188708168884593 0.555137725990928 0.0016046544183505 0.443068911421837
0.000190417734512701 0.541731888055128 0.000190176121194754 0.457887518089165
0.00017297332641984 0.601939598079119 0.000373482140589337 0.397513946453872
0.00359688704393541 0.526597326529703 0.0225600575871448 0.447245728839217
0.000514164711056479 0.296154009043072 0.0212970513443449 0.682034774901527
0.00119998424551154 0.808440980297016 0.00608636617596365 0.184272669281509
0.000155279977948115 0.68268254716864 0.000154657700996047 0.317007515152416
0.0022807317991699 0.641484825934278 0.0101684374012542 0.346066004865298
0.000813399877970523 0.624284514153117 0.00578137287558671 0.369120713093326
0.000136735592083398 0.329506812548889 0.000136679759957911 0.67021977209907
0.000187519061463802 0.42515999521682 0.00141139842186106 0.573241087299855
0.000279162254674363 0.434702580159644 0.015027317702603 0.549990939883079
0.000197358931588394 0.567109798969276 0.000716208218096803 0.431976633881039
0.000155939248770178 0.617127236548028 0.00092683270382999 0.381789991499372
0.000201086487294694 0.428037303485417 0.000208406242503413 0.571553203784785
0.000175915167423603 0.656489417381923 0.00122671548316463 0.342107951967489
0.000183014146661896 0.353837977758898 0.000182943740314818 0.645796064354125
0.000489996019707687 0.55505935201466 0.00264433466877545 0.441806317296857
0.000178279968282403 0.485840314918803 0.000178364860043249 0.513803040252872
0.0001970906885056 0.523720001535589 0.0014487312803728 0.474634176495533
0.00022201610452046 0.187680983204822 0.000714851488280624 0.811382149202377
0.000176147124034285 0.506703000578692 0.000664430650667962 0.492456421646606
0.000168765559609752 0.391996799186496 0.00016858906239084 0.607665846191503
0.000171809318124443 0.635378846482749 0.0021533466832716 0.362295997515855
0.000176129752837403 0.700142657484231 0.00113463877169723 0.298546573991235
0.000189933482100754 0.544102542641359 0.00297460538577869 0.452732918490761
0.000169040403719983 0.196361050758289 0.00902580909119852 0.794444099746792
0.000157169060510827 0.588123798817956 0.00167947050067844 0.410039561620855
0.000190134450367253 0.44380464637641 0.000722486421797928 0.555282732751425
0.000515443835995512 0.575735063551229 0.00151395129901468 0.422235541313761
0.000430988545981877 0.638133834396402 0.000270507004328039 0.361164670053288
0.00017216397245749 0.615953779540131 0.00132328876234916 0.382550767725063
0.000216785991538914 0.736998355185822 0.00415399759560915 0.25863086122703
0.000158395165866646 0.701025298542569 0.00159620647205085 0.297220099819514
0.000655680449307103 0.52499046099848 0.000166896265967305 0.474186962286245
0.000144550156122295 0.81568744422099 0.0011021859149495 0.183065819707938
0.00014763005453389 0.537341421573947 0.000604860567827185 0.461906087803691
0.00139841225041539 0.633015519624231 0.00370478606901483 0.361881282056338
0.000172204257689489 0.721690617783432 0.00324169178684681 0.274895486172032
0.000157530737998002 0.0567110564025687 0.000227568354821054 0.942903844504612
0.00344094899477722 0.274403891379896 0.0150638536327218 0.707091305992606
0.000152535508083208 0.31712186425774 0.000698808598924425 0.682026791635253
0.000174339102953389 0.756930525083432 0.0013077271048109 0.241587408708804
0.00495394091556168 0.556692636926235 0.00315498805209825 0.435198434106105
0.000137688537966073 0.706621988877751 0.000137885541627366 0.293102437042656
0.00024890213692472 0.599608835009102 0.0103593034553941 0.389782959398579
0.000256592312555136 0.257781712538419 0.0016404753604659 0.74032121978856
0.000170437458800024 0.424592557310798 0.000840308082023398 0.574396697148379
0.00275979511789176 0.35688273939841 0.00149366044743712 0.638863805036261
0.000235271545412582 0.650952425715797 0.00912350504668007 0.33968879769211
0.000142637230301708 0.290669628160863 0.000143120976379991 0.709044613632456
0.00121980838610092 0.582390778769049 0.00377385433012663 0.412615558514724
0.000179451059993357 0.574976947374243 0.000178852965832069 0.424664748599932
0.000196683885397493 0.232888512874459 0.00175953052317189 0.765155272716972
0.000242016738883203 0.8330899064316 0.00759515295559004 0.159072923873927
0.000288174080701034 0.550886641615309 0.006359868662427 0.442465315641563
0.000191921676748084 0.601988166427297 0.00251096710009924 0.395308944795855
0.000146120163119993 0.480191544003218 0.00117874186625466 0.518483593967408
0.000118956762157921 0.721032245529229 0.000119238747746887 0.278729558960866
0.00137940908666074 0.78588610717384 0.00181235341584967 0.21092213032365
0.00313537559267327 0.615956191553384 0.00219281686093092 0.378715615993012
0.000197462015742553 0.396114740085837 0.000273399114087277 0.603414398784333
0.000142056921463395 0.605283795253907 0.000860988241439229 0.39371315958319
0.000166118294660558 0.602670249348806 0.00104106523672908 0.396122567119804
0.000177459362193775 0.488305829454043 0.000588748311258678 0.510927962872504
0.00118840702199116 0.313083473750694 0.598356570779047 0.0873715484482681
0.00086505370997054 0.85503577172704 0.00106984966427251 0.143029324898717
0.000161094251987763 0.531032127424514 0.000161249317646781 0.468645529005851
0.000294994068208485 0.38877903395595 0.0799759388999337 0.530950033075908
0.00016337195476642 0.453337992567957 0.00177548296663798 0.544723152510638
0.00020219254374352 0.552061521848293 0.000358236999165903 0.447378048608798
0.000332874027595619 0.447512938462009 0.0290801173921374 0.523074070118258
0.000712931806847954 0.615884791643587 0.00751611321398368 0.375886163335581
0.000160324917255506 0.641961499704196 0.000757082093546541 0.357121093285002
0.000183037246810646 0.401996965831908 0.00118711208044169 0.596632884840839
0.000128775039946085 0.10433032258093 0.000128721425762005 0.895412180953362
0.000172519100586229 0.565757578917076 0.0016493077493721 0.432420594232965
0.000400317850286102 0.377587632948515 0.0426108020236854 0.579401247177513
0.000326668441807143 0.366784879888058 0.000230383060018769 0.632658068610116
0.000174527921907512 0.756556777734624 0.00147110843082866 0.24179758591264
0.000164587601280673 0.317985738421389 0.000164571973666449 0.681685102003663
0.000549949427478254 0.584133798647262 0.00515736525630655 0.410158886668954
0.000197953603292426 0.593269045164641 0.00339273240196408 0.403140268830103
0.000190601426212052 0.767566082574021 0.000883261160416605 0.23136005483935
0.000198436727272831 0.581282837641214 0.00190101783275029 0.416617707798763
0.000165010948223251 0.363836973794514 0.00118033832722255 0.63481767693004
0.000156485194178093 0.594989950469437 0.000155944613113234 0.404697619723271
0.000122144467886616 0.394362549299336 0.000234646882194046 0.605280659350584
0.000470910703280437 0.664628506653987 0.000601371003036732 0.334299211639696
0.0001601194332061 0.609450309439158 0.00491560313757658 0.38547396799006
0.000150367987145592 0.437505713029372 0.00104713092077756 0.561296788062704
0.000221072299514546 0.354835162401745 0.000653099245567647 0.644290666053172
0.00016299067473167 0.597727236687507 0.00225161993842137 0.39985815269934
0.000134163013977787 0.504763373935772 0.000134143811517799 0.494968319238732
0.000165773539881588 0.730049148415684 0.000165612159334471 0.2696194658851
0.000165367617798027 0.516485631379875 0.00167853043098669 0.481670470571341
0.00238614732945463 0.605949359290692 0.00041520792874044 0.391249285451113
0.000121845358176938 0.670588149202973 0.000121698887283972 0.329168306551566
0.000267219997092234 0.280282635274321 0.000843609051528725 0.718606535677058
0.000177774684353824 0.843898704803157 0.00105537097239378 0.154868149540095
0.000195492242263267 0.494223683007273 0.001477975868786 0.504102848881678
0.000208365350357681 0.729555460450478 0.00471601598820259 0.265520158210962
0.000157977474172088 0.456147901857323 0.000961072674709221 0.542733047993796
0.00026006427064479 0.452730962317717 0.00817192918598609 0.538837044225652
0.00104415469954186 0.565099154222562 0.00288985054491828 0.430966840532978
0.000175891683117842 0.418239243825453 0.00108684904471061 0.580498015446719
0.00735620943765471 0.497535050261274 0.0907510405749016 0.40435769972617
0.000172309120689725 0.479601770066433 0.000172419615147031 0.52005350119773
0.000137462616135838 0.701863617604186 0.000137464021358743 0.297861455758319
0.000576482071619644 0.333070299892933 0.00210006314012505 0.664253154895322
0.000177939882163746 0.451695121367481 0.000177900430328838 0.547949038320026
0.0010036811989174 0.430325319059772 0.00175701909061218 0.566913980650698
0.00178089778351591 0.289600967209937 0.00102833491921281 0.707589800087334
0.000161236521094651 0.306890591834458 0.00148182306221116 0.691466348582236
0.000235904962636623 0.520755562483332 0.00468157982172092 0.474326952732311
0.000148458086690065 0.640671676020373 0.000148141054195635 0.359031724838742
0.000199821231134989 0.616254074361841 0.00613392506016272 0.377412179346862
0.00052357249821894 0.738592256874303 0.00119325389948476 0.259690916727994
0.000422093920622563 0.496502230116292 0.000389473896423879 0.502686202066661
0.000159292878042204 0.418371228811906 0.000159196323225984 0.581310281986826
0.000161547261520245 0.669473041951529 0.000739428141395414 0.329625982645555
0.000219595162566532 0.607784594954821 0.00262750502559058 0.389368304857022
0.000174360885062907 0.327815120184526 0.00692442765879829 0.665086091271613
0.000164614529628093 0.708374092490961 0.00243530764507507 0.289025985334336
0.000176737721153138 0.53549511963558 0.000719473546845728 0.463608669096421
0.00016893166859084 0.65022861291006 0.000597275913886025 0.349005179507463
0.000136158285628738 0.529802982965894 0.000913180626606965 0.46914767812187
0.000204523554709659 0.527036959342992 0.00126394941771396 0.471494567684584
0.000523948683604002 0.318685615759861 0.0384182300186213 0.642372205537914
0.00145728771463831 0.462849135602417 0.00463628576641463 0.53105729091653
0.000168465073130983 0.362039837016576 0.00068880352126696 0.637102894389026
0.00565958967707988 0.66086064860445 0.0371534819636088 0.296326279754861
0.0118428729668113 0.485074078038864 0.0233290283268692 0.479754020667455
0.000163039547223104 0.360277741630956 0.000251797982169988 0.63930742083965
0.000205602418484065 0.458783747411889 0.00093405896884391 0.540076591200783
0.000209023057633813 0.446177950668427 0.00136259667536126 0.552250429598578
0.00014894919572121 0.396059522507532 0.000148718992639338 0.603642809304107
0.000146051747350341 0.667097103004624 0.00038882678259787 0.332368018465428
0.000531869271023369 0.632125005916362 0.000691893055473834 0.36665123175714
0.000174256217059486 0.59312574764778 0.00227188154697264 0.404428114588188
0.000204822773544149 0.486279351482683 0.00569531392932506 0.507820511814447
0.000156962700393471 0.742726352973573 0.00015693883513129 0.256959745490902
0.000170304528489667 0.710924549861825 0.000168945607810154 0.288736200001876
0.000163993113645193 0.469048591142935 0.000776909807940534 0.530010505935479
0.000187634559806571 0.682951877775193 0.000187571948369438 0.316672915716631
0.00108179124392908 0.85766882366595 0.00296781767612181 0.138281567413999
0.00203103400102507 0.513094278081741 0.00219033322332044 0.482684354693913
0.00016226937674015 0.0840323570011954 0.00559820874854235 0.910207164873522
0.000177350752078977 0.647475243923177 0.00153479387772565 0.350812611447018
0.000163757393894123 0.436408317170147 0.00610055585810429 0.557327369577854
0.000157548753572735 0.579192291238941 0.00159778592314161 0.419052374084344
0.000181785617653784 0.494692110170811 0.00167567368990093 0.503450430521634
0.000136843947622158 0.597315651632856 0.000136874550872491 0.40241062986865
0.000134718852310397 0.661895827824238 0.00082870655920159 0.33714074676425
0.00265120396860596 0.393369687564763 0.0022416894326475 0.601737419033984
0.00106906478347925 0.405340373338697 0.0032302024719183 0.590360359405905
0.000162541954626943 0.718830500500196 0.000795359313639879 0.280211598231537
0.000176416618286361 0.606265395117756 0.0012596155927442 0.392298572671213
0.000169089536161198 0.451368906648529 0.0010563406673616 0.547405663147948
0.000161165247678182 0.492233180673977 0.000686303486080603 0.506919350592264
0.000230138472773137 0.419324500234987 0.00356744089091735 0.576877920401323
0.000191814146647163 0.603252801256838 0.0016594191848749 0.39489596541164
0.000162742063993195 0.535057072891833 0.000162463071586047 0.464617721972588
0.000146624378944145 0.60577207619133 0.00085814927230641 0.39322315015742
0.000132829046931532 0.439594175596402 0.000131862330420031 0.560141133026247
0.00375732328037602 0.661444570845226 0.0429860879949809 0.291812017879417
0.00142223568923161 0.548156297780508 0.000395299104990958 0.450026167425269
0.000177570209683564 0.488910496666642 0.00154967069285407 0.50936226243082
0.00145036369255826 0.642231381073762 0.00183446907634723 0.354483786157332
0.00020338508441332 0.38527244713637 0.000933056108528745 0.613591111670688
0.000163955794934354 0.70888983348758 0.00134495068304341 0.289601260034443
0.00150803022750553 0.621757049895531 0.00210130991671327 0.37463360996025
0.000166543162345917 0.778580662965726 0.000862504032133349 0.220390289839795
0.000189755037491021 0.76716926977561 0.000619394858105392 0.232021580328794
0.000231223274493066 0.516995961584563 0.00023072029358143 0.482542094847362
0.00111025273450823 0.613681448690969 0.00312789999894467 0.382080398575578
0.000162023212065423 0.589111086954392 0.000465735788744677 0.410261154044798
0.000847325987157428 0.640713011136564 0.0012229432174355 0.357216719658843
0.00175002269341813 0.567121200965515 0.00311673165125886 0.428012044689808
0.000180146883637268 0.533326253575858 0.000745369576186422 0.465748229964318
0.000513486586713309 0.586932743955199 0.0024886003213576 0.41006516913673
0.000198672275029434 0.246814630823565 0.00298610967737977 0.750000587224026
0.000160317214105149 0.488333572760797 0.000160094921286126 0.511346015103812
0.00016024883860527 0.442904346667044 0.000160478879835022 0.556774925614515
0.000551942677068378 0.205935995547959 0.000471281084709693 0.793040780690263
0.00197529790167321 0.536787523209441 0.00838195369394328 0.452855225194942
0.00141956540770244 0.770727887424688 0.00518353467692043 0.222669012490689
0.0251136340347618 0.485980357839686 0.0208660912288589 0.468039916896694
0.000665623005140853 0.600714078273436 0.00148152327946859 0.397138775441954
0.00017358469938654 0.435387813028856 0.000641119325979739 0.563797482945778
0.00066529631867422 0.382791288452658 0.000121802032287838 0.61642161319638
0.00347697979941998 0.406780104516536 0.0920330095705133 0.497709906113531
0.00054052118894497 0.563045002463247 0.0020838440120162 0.434330632335792
0.000168494678772454 0.600110752684048 0.000880567326713674 0.398840185310466
0.000183295657868027 0.352900299339477 0.000183204981432989 0.646733200021222
0.000133415713559925 0.661415758457066 0.000133865976931569 0.338316959852442
0.000182488509136301 0.471422187447692 0.00260086496161705 0.525794459081555
0.00174121545385471 0.550018440959722 0.00378398909130182 0.444456354495122
0.000173052453545111 0.0864578267210559 0.000172941692765514 0.913196179132633
0.000183856022692973 0.676571823635575 0.000515284994684741 0.322729035347047
0.000153102058528232 0.729819112335276 0.000596349095187566 0.269431436511008
0.000138566463810021 0.59387411675678 0.000784813264342081 0.405202503515068
0.000193708732816492 0.554476451155126 0.00116135111936887 0.444168488992689
0.000159117722845732 0.473299330559585 0.000159043851242185 0.526382507866327
0.000197035018482809 0.686250123943707 0.00196784671152041 0.311584994326289
0.000171096817571097 0.70069136450438 0.000429572632013063 0.298707966046036
0.0532060277753589 0.774936701413355 0.0195805771551814 0.152276693656105
0.000158967790278714 0.58348391465528 0.000159359288249115 0.416197758266192
0.000163557652760814 0.584159909998958 0.000163316598281667 0.415513215749999
0.00204351679066857 0.730723869260388 0.00202693287940681 0.265205681069537
0.000180615877332597 0.493669128506647 0.000180479683075752 0.505969775932945
0.000136415300907008 0.713833772245241 0.00246445050930484 0.283565361944548
0.000177411903667272 0.504333287308766 0.000768299499138593 0.494721001288428
0.000156570149179458 0.503329376914548 0.000157229481941721 0.496356823454331
0.000870707214510322 0.678117526918428 0.00076568492390968 0.320246080943152
0.00015877528634818 0.417103976168693 0.000158339729571698 0.582578908815387
0.000204120975049049 0.225039439821511 0.000235016535873573 0.774521422667566
0.000147091655505728 0.647686322716141 0.00135624522002422 0.350810340408329
0.000192293172341294 0.550581216045538 0.000774051544412308 0.448452439237709
0.00014161325786404 0.6913991760862 0.000783905529129163 0.307675305126807
0.000208739369879167 0.437165683828225 0.101692706939364 0.460932869862532
0.000569742568379122 0.430844662935927 0.00225815377964004 0.566327440716053
0.000327347018485052 0.485300431593334 0.000616351902662581 0.513755869485518
0.000203904224654963 0.496999514367865 0.000908946197028555 0.501887635210451
0.00049453169481446 0.387124264818889 0.00888047916000946 0.603500724326287
0.00191216316016498 0.325329406993828 0.031612964707245 0.641145465138762
0.0840002923049744 0.285855383192702 0.0847329330928621 0.545411391409462
0.000161520447598166 0.651922927805412 0.000161336573598246 0.347754215173391
0.000209494113710143 0.504055534987106 0.000209725637282414 0.495525245261901
0.00015510853245915 0.335493431121356 0.000155075145861775 0.664196385200324
0.000200349735644479 0.679322118666555 0.00353426311121548 0.316943268486585
0.000438999474248823 0.581962484200273 0.00690686952153431 0.410691646803944
0.00017492234290108 0.556155276630548 0.00170067709928979 0.441969123927261
0.000223752721738852 0.416765557856041 0.00748619003814777 0.575524499384072
0.000174823117918555 0.442466251163474 0.00017587468504235 0.557183051033565
0.0020256458873734 0.706157498565076 0.00137724136712024 0.29043961418043
0.000145923446817235 0.532526045265002 0.000691905403130624 0.46663612588505
0.000166565714402596 0.612440844906691 0.000666729293970656 0.386725860084936
0.00014173049637695 0.480186043664632 0.000141777022250155 0.519530448816741
0.000192365025533712 0.468234891105837 0.00202099423498714 0.529551749633642
0.000187493075813225 0.797349026178052 0.000982867609055482 0.201480613137079
0.000152096959978295 0.311183715883416 0.000152273440111657 0.688511913716494
0.000174370444276808 0.657902349539816 0.000428476047741776 0.341494803968165
0.000132165374885602 0.817561156750664 0.000553344654182976 0.181753333220267
0.000148356448902374 0.612890068543435 0.000243969601259239 0.386717605406404
0.000135813691118226 0.761799144589528 0.00120086278137197 0.236864178937982
0.000248788103188381 0.246360626542904 0.00139837768813762 0.75199220766577
0.000330874195107031 0.732535318308776 0.00113463426396976 0.265999173232147
0.000180792672141905 0.726087949366606 0.00140239317888747 0.272328864782364
0.000926254681173763 0.655655912868321 0.0070238043394244 0.336394028111081
0.00225773047939375 0.631847374183854 0.00520140058988137 0.360693494746871
0.00052740936396315 0.491314694201171 0.000544981437683376 0.507612914997182
0.000218662005630369 0.582993177606382 0.000752388043689323 0.416035772344298
0.00283699143502355 0.507593143424661 0.000212546401590504 0.489357318738725
0.000159282179449242 0.461972900221683 0.000159282744500218 0.537708534854368
0.000143904616305072 0.434715346112982 0.00157293959555551 0.563567809675157
0.000561198356668016 0.481707645385228 0.00112167221023419 0.51660948404787
0.000150363902044888 0.502527161110414 0.00519540664306947 0.492127068344472
0.000167891425157499 0.616471522640413 0.000220472653147818 0.383140113281282
0.000176393083722741 0.441709410162734 0.00131061328265554 0.556803583470888
0.000194731034207295 0.348780377730221 0.00181624679212418 0.649208644443447
0.000165247500504841 0.600478132839991 0.00235807703960431 0.3969985426199
0.000161113378171615 0.539587804974153 0.00057341004478689 0.459677671602889
0.000154216731432802 0.628746410230661 0.000154184150268473 0.370945188887638
0.000172099812760579 0.4750479804301 0.000702995212319844 0.524076924544819
0.0187705470212517 0.5179162914031 0.0572045218493472 0.406108639726301
0.00333502020007126 0.533321540333417 0.0677418500991093 0.395601589367402
0.000149236325458289 0.474341052010034 0.000584117133719578 0.524925594530788
0.000155402091105012 0.470986761705404 0.000155481270240453 0.52870235493325
0.000564514946008109 0.437575143044373 0.000210269025697697 0.561650072983921
0.000160226673602459 0.152709211246866 0.000466261289948492 0.846664300789583
0.000169480570104192 0.585559630177588 0.00223645887210146 0.412034430380207
0.000389643950759776 0.660762851479881 0.0015626280586455 0.337284876510713
0.00299599446992466 0.211770576688385 0.003172283360304 0.782061145481386
0.000178690236408559 0.408186165072893 0.000178724828633708 0.591456419862064
0.000162251961705199 0.565361953287695 0.00198112948540277 0.432494665265197
0.0001406717705712 0.608823225355042 0.00047003490709282 0.390566067967294
0.000174075787415429 0.58325161293067 0.000859385229802642 0.415714926052112
0.000202079956696638 0.550018890632801 0.00179462790315207 0.44798440150735
0.00116759664213173 0.347359726204287 0.00193369440079955 0.649538982752781
0.000145629537012745 0.289882009297281 0.000445417702432415 0.709526943463273
0.000240803140541344 0.301337490692663 0.000580838914087117 0.697840867252709
0.000408175697838919 0.744583349027778 0.00064385629731654 0.254364618977066
0.00019300672666889 0.74371108504013 0.00296030426443251 0.253135603968768
0.0001898441606263 0.529007075399577 0.00271893612100734 0.46808414431879
0.00019791779878299 0.234992197837562 0.000762278041226625 0.764047606322429
0.000160565219087221 0.509128794166421 0.000155472271534819 0.490555168342957
0.00115814392590985 0.303769451738491 0.000804109097789483 0.694268295237809
0.00168270303578386 0.550692278864808 0.00797565120693699 0.439649366892471
0.000176015297833268 0.661442141265572 0.00502073649124747 0.333361106945347
0.000174255386833043 0.701539270201475 0.000809103644258554 0.297477370767433
0.000157852027997031 0.566504688768267 0.000442455416223057 0.432895003787513
0.00133943663950953 0.564588085054414 0.00147341302654181 0.432599065279535
0.0012251557174004 0.658988525993192 0.00215305069552108 0.337633267593887
0.000164266421216095 0.859406275475077 0.000837790409558806 0.139591667694148
0.000174261749122379 0.557057126378434 0.000174196357639142 0.442594415514805
0.000154361834219189 0.304357964698707 0.000154347580471123 0.695333325886603
0.000355744424349686 0.706180120359422 0.00260074506789461 0.290863390148333
0.000219498238322057 0.689244576460935 0.00274535800230109 0.307790567298442
0.000430009226228422 0.646252177671191 0.00301370430976774 0.350304108792813
0.0015641128124159 0.616514228553596 0.00407030194596447 0.377851356688024
0.000206516066092777 0.406051791674487 0.00231003697602788 0.591431655283392
0.000188289618824752 0.629480584058062 0.00199553733824867 0.368335588984865
0.00018973961362373 0.450756701333283 0.000333388420283129 0.54872017063281
0.000194365891953636 0.446797373953719 0.000771683100228728 0.552236577054099
0.00016405594216125 0.53206634787783 0.000693660422403995 0.467075935757604
0.000177818263337719 0.374107224366232 0.000705014831018746 0.625009942539412
0.000148363446235785 0.476702739076463 0.000148548420567817 0.523000349056733
0.000168848133853548 0.764744685188134 0.000614861697284861 0.234471604980728
0.00018936903796531 0.511097053229329 0.00278823355748277 0.485925344175223
0.00018057505373924 0.397329423468553 0.000449802152002788 0.602040199325705
0.00134037229248831 0.565540252621649 0.00446177054629726 0.428657604539566
0.000164997675297005 0.670587361957153 0.000166684137628695 0.329080956229921
0.000154507414395009 0.57154528963584 0.000154502362864296 0.4281457005869
0.000147101042087351 0.440619621699418 0.000829845959636371 0.558403431298858
0.00106869330105359 0.449160132283082 0.00242987970786055 0.547341294708004
0.000148451887553855 0.368479893802113 0.00060726976125522 0.630764384549077
0.000165911572346331 0.62734569218709 0.000165763609813386 0.37232263263075
0.040112479010291 0.650462770470153 0.0308931842612568 0.2785315662583
0.00017456087508136 0.514052142065017 0.00102060804150724 0.484752689018394
0.00046279743877376 0.359660799164431 0.0104692925666862 0.629407110830109
0.000157976763368097 0.386018084543461 0.000895064871055371 0.612928873822115
0.000154214944267946 0.8111943475461 0.000154200270711895 0.18849723723892
0.000166033639618401 0.675279904599362 0.000357096526551003 0.324196965234468
0.0123876615369616 0.473179684384817 0.0501209971579894 0.464311656920232
0.000169951561609404 0.624521381921294 0.00104262275160661 0.37426604376549
0.00016164153873244 0.49898892841113 0.000432927970941449 0.500416502079196
0.000222337242027292 0.727274459128267 0.000473897197790153 0.272029306431916
0.000177045791683951 0.467722136429746 0.000950039090652124 0.531150778687918
0.00142434712908102 0.708216424519929 0.00064805561512766 0.289711172735863
0.00192654753281048 0.645437673994217 0.00282435577935134 0.349811422693621
0.000213187689839658 0.577173532194732 0.00272231224719828 0.41989096786823
0.000155751744370282 0.617987376516401 0.000156450351916618 0.381700421387312
0.000167282748865632 0.497787864014942 0.000167133456802531 0.50187771977939
0.00018099147196807 0.391173173764494 0.000464432130146887 0.608181402633391
0.00237454859185159 0.484536735585343 0.00899744862763173 0.504091267195174
0.000851807510903003 0.832545615507415 0.000865076111371051 0.165737500870311
0.000431792919192323 0.885045484576641 0.000231446817149786 0.114291275687017
0.00021659540481147 0.282015130751802 0.00135262437538011 0.716415649468007
0.000203012980191105 0.566824937371584 0.0206331057811743 0.41233894386705
0.00015495066676694 0.490370773733554 0.000155329498296762 0.509318946101383
0.000804386686434692 0.507952117287126 0.00569622323584391 0.485547272790595
0.00197282854070639 0.62850007714508 0.0023177617105605 0.367209332603653
0.000170646339289739 0.497604454335843 0.000522444006646421 0.501702455318221
0.000954824962426352 0.657743946574516 0.00380328882679141 0.337497939636266
0.000184149674168418 0.186339658780931 0.000183963265901281 0.813292228278999
0.000247800160204384 0.381536887892147 0.190027339188061 0.428187972759587
0.000140662193627944 0.601625353869861 0.000314940103750396 0.39791904383276
0.000172685284178769 0.526184036209873 0.000173399267578668 0.473469879238369
0.00631179466326308 0.730795874265664 0.00320891768859 0.259683413382483
0.00015345188432962 0.665214960807438 0.000153379000385722 0.334478208307846
0.00343071787836412 0.726016359695592 0.0213291732569583 0.249223749169086
0.000466293123153564 0.290555742699841 0.00175871405835 0.707219250118656
0.000212884986289562 0.508433216449483 0.00886511050740672 0.48248878805682
0.000401029198033383 0.652895158914905 0.017990391489878 0.328713420397183
0.000260784832229908 0.668344893412415 0.00263833798632481 0.32875598376903
0.00059460018203477 0.819242544450341 0.00106597897061557 0.179096876397009
0.000201783064710663 0.3422977509057 0.00385617743644912 0.65364428859314
0.000579918431091219 0.827162427866586 0.00455354554766426 0.167704108154658
0.000182323486775749 0.553019273462507 0.00150799967365868 0.445290403377059
0.000145491331493061 0.723840985132809 0.00014512246645354 0.275868401069244
0.000172026735215274 0.745102699111042 0.00167926406535058 0.253046010088392
0.000400922878751055 0.674816045265486 0.00196357866785938 0.322819453187904
0.00016805949411254 0.678324130507495 0.00101442627524282 0.32049338372315
0.00644309099001926 0.34616786108104 0.0105011476920828 0.636887900236858
0.000185113581724671 0.53103625821226 0.000185071079148842 0.468593557126867
0.000419085560067628 0.544210944572246 0.000711079206424646 0.454658890661262
0.00648461443962194 0.375531259948423 0.219134223444153 0.398849902167802
0.00277623410900497 0.314659856230342 0.00291183527773545 0.679652074382918
0.000233191231852416 0.654333428179508 0.0193136014354833 0.326119779153156
0.000200267253794106 0.465083699747403 0.000200435422284101 0.534515597576519
0.00874519317227871 0.553742194843402 0.0608374571150851 0.376675154869234
0.000206737347455904 0.53240265818577 0.00186353261520658 0.465527071851567
0.000168531307754575 0.497100611379041 0.00113427610219924 0.501596581211006
0.000148410535901524 0.548459567371829 0.000148429755436273 0.451243592336833
0.000264873509963418 0.635471117372722 0.00655738544652673 0.357706623670788
0.00122485389074547 0.647038807757715 0.000886435920007001 0.350849902431533
0.000145852664916904 0.256186835827349 0.000502696833361967 0.743164614674373
0.000258067091372668 0.272671093804859 0.00557106375426594 0.721499775349502
0.00478184467871153 0.603864556442349 0.00896154093176977 0.382392057947169
0.000120332889897293 0.718427833916174 0.000120422926571771 0.281331410267357
0.000171765669521298 0.567589157648284 0.00094336944436115 0.431295707237833
0.000154591937489326 0.558288769350219 0.00138572115476994 0.440170917557522
0.000165540046854746 0.769900177380163 0.000165158380306818 0.229769124192676
0.000120142367476837 0.487840627791473 0.000331201812743859 0.511708028028306
0.000203421656723372 0.619676260424773 0.00397606051573803 0.376144257402766
0.0001120109201085 0.621829435961267 0.0003148366017394 0.377743716516885
0.000160996050087789 0.582603439841158 0.00124684141130905 0.415988722697445
0.00509624919029505 0.675876317075157 0.0154652597987803 0.303562173935767
0.000131960398178272 0.561106370537299 0.000265508953997253 0.438496160110526
0.00599985821349423 0.536178686553613 0.0324848305429572 0.425336624689936
0.00354391586678629 0.590426746260561 0.00563036374305083 0.400398974129602
0.000274819028465993 0.842558399906237 0.00128086490930593 0.155885916155991
0.000494259574849989 0.525848835815886 0.00144808568329611 0.472208818925968
0.000455254285978055 0.657150369631359 0.000494624772005957 0.341899751310657
0.000177627965451532 0.717959083575826 0.000949318514277808 0.280913969944444
0.000168489799692714 0.710582902684078 0.000556010039102756 0.288692597477126
0.000267431688918475 0.611429594290597 0.00507112381531865 0.383231850205166
0.000176306128568264 0.42881956452079 0.0019303131139231 0.569073816236718
0.000158030277807485 0.739640166277205 0.000851611841208603 0.259350191603779
0.00512124707354425 0.578330176159181 0.00264221836493065 0.413906358402344
0.000178169447903306 0.575794189936892 0.00228037543860528 0.421747265176599
0.000155799021673474 0.731635922268421 0.00234988869824423 0.265858390011662
0.000148296142111672 0.570582269661448 0.000148412956224887 0.429121021240216
0.000105776556240374 0.496682342977753 0.000107868013147816 0.503104012452859
0.000156564877838206 0.697567990559247 0.00217699905232903 0.300098445510586
0.00547750458599445 0.595628133504275 0.0147645612086051 0.384129800701126
0.00166841625020645 0.537430410482496 0.00207699622706694 0.458824177040231
0.000173939212216324 0.519162745746325 0.00130377064143928 0.479359544400019
0.00019377645918847 0.63658504354959 0.000193791063808833 0.363027388927412
0.00575476406292065 0.476679440570699 0.00269822997109918 0.514867565395281
0.000450506476733443 0.526976254405455 0.00144451650827068 0.471128722609541
0.000437763709956768 0.611407893182353 0.000786369300419992 0.38736797380727
0.00262102656182105 0.529434594466133 0.00152775014092955 0.466416628831117
0.000314830008775257 0.257998101804919 0.0148286036170175 0.726858464569289
0.000227972034383127 0.590627119119738 0.000313463629312399 0.408831445216567
0.000179526163804376 0.465896389533974 0.00116571163335393 0.532758372668867
6.48631701064417e-05 0.441262096405379 0.00102345735937766 0.557649583065136
0.000196641867353915 0.56720874779341 0.0023795122683249 0.430215098070911
0.000184002919730307 0.512310108295965 0.000923889123504702 0.4865819996608
0.000678274124184429 0.655595775595588 0.00811171275893109 0.335614237521297
0.000189041856000282 0.644950213913862 0.00240669741329345 0.352454046816844
0.000134504615545055 0.586648360635373 0.000527564115009856 0.412689570634072
0.000950629289359721 0.39734590170656 0.000314886416643446 0.601388582587437
0.0024961960823292 0.383276840527305 0.00369411270778338 0.610532850682582
0.000185687721820294 0.562163323788494 0.000693799356026534 0.436957189133659
0.000158870344319943 0.455568024373341 0.000159044051410702 0.544114061230929
0.000190713748471249 0.538190470505191 0.00171736299430576 0.459901452752032
0.000176370303164831 0.575117770453739 0.00017635618267318 0.424529503060423
0.000161790258298265 0.51031453218149 0.000743845810872311 0.48877983174934
0.000193184230910331 0.446548437284249 0.000193151570202688 0.553065226914638
0.000465902101203304 0.515546533626537 0.000474253374298594 0.483513310897961
0.000178695534993227 0.643986792477941 0.000170448055832836 0.355664063931233
0.000159083127078119 0.535082879771596 0.000159044809458283 0.464598992291867
0.00025429793344982 0.399482691320747 0.00198613967916528 0.598276871066638
0.000520323218658806 0.465452733761793 0.0222243447380816 0.511802598281467
0.000206022118729937 0.380132249198004 0.000312047048158606 0.619349681635107
0.000184332171895367 0.448396678804448 0.000184500829347631 0.551234488194309
0.000175662522171216 0.250373437681719 0.000453105041843589 0.748997794754266
0.000729633369929289 0.70107086378338 0.000759722109128377 0.297439780737563
0.000225080860099556 0.587999688963208 0.0097800174612332 0.401995212715459
0.000173646576480251 0.37970806332187 0.00200598328095443 0.618112306820696
0.000173079482121953 0.676835939570902 0.00122596625410068 0.321765014692876
0.000138002515873941 0.436288311655999 0.000137297918810335 0.563436387909316
0.000144763028924611 0.544314128048423 0.000475294059135646 0.455065814863517
0.000191782677875495 0.667162326392258 0.00133011226244037 0.331315778667426
0.000181152682645643 0.493434506967604 0.000857634581298288 0.505526705768452
0.000165216880679738 0.468116447043254 0.00173794005862331 0.529980396017443
0.000415798492578621 0.281133887075648 0.0097543329282575 0.708695981503516
0.000207168777319109 0.71852420573877 0.000470670884994805 0.280797954598916
0.000166749190365267 0.744980814779482 0.000166772186274265 0.254685663843878
0.000162858897538478 0.74953283184892 0.000793534512762902 0.249510774740779
0.000169431142623492 0.60380729729614 0.00165831289264183 0.394364958668595
0.000168948001778486 0.589539564197238 0.000169251467399217 0.410122236333584
0.00117843088901601 0.272587536276442 0.0436503224919208 0.682583710342621
0.00188362917917368 0.609494010399815 0.00249174880789156 0.38613061161312
0.0029520308904998 0.230025545369009 0.00789722279299154 0.7591252009475
0.000210742573244455 0.61117839371135 0.00453853884269633 0.38407232487271
0.000151944743074556 0.31194800070746 0.000919372019652758 0.686980682529812
0.000160499222591719 0.571721377721226 0.000221037725180519 0.427897085331002
0.000151651211253695 0.297747207544301 0.00223736966928073 0.699863771575164
0.000310632348368475 0.188846140485585 0.0110413854983223 0.799801841667724
0.00015725684072714 0.441035874656423 0.000580262506108003 0.558226605996742
0.000195918985534978 0.567818073717707 0.000958683750213107 0.431027323546545
0.000156496730707304 0.58269074091919 0.000638357551079984 0.416514404799022
0.000225546997258024 0.560211924628653 0.00458185139928372 0.434980676974806
0.000170274517382026 0.634980092738248 0.000652807336306716 0.364196825408063
0.000203707663868644 0.752740752427407 0.000203899006201167 0.246851640902523
0.000139063495091471 0.484954603358322 0.000138456916737026 0.51476787622985
0.00018314513362609 0.351967690305533 0.000533361552271886 0.647315803008569
0.000199291058050472 0.540301040265104 0.00975310682816504 0.449746561848681
0.000150856412983621 0.129840532107789 0.00083890038088491 0.869169711098343
0.000143860504988425 0.346528040556308 0.000143890045250665 0.653184208893452
0.000155357895394571 0.575851655605429 0.000155640910656389 0.42383734558852
0.000232357948320609 0.400925539267352 0.00529000266328181 0.593552100121046
0.000440222022599835 0.564277936891316 0.0046526293838568 0.430629211702228
0.000187604468106801 0.540397588882388 0.000186727986188129 0.459228078663317
0.000199881585895597 0.594967123306209 0.0346547539007713 0.370178241207124
0.000149393913786979 0.216501646603707 0.000874082184740937 0.782474877297765
0.000299041421928244 0.756304237976754 0.000152115521400553 0.243244605079918
0.000747731226370342 0.637050587088704 0.000786319605603587 0.361415362079322
0.000433618556335179 0.649606050475725 0.00167549259436942 0.34828483837357
0.000465026693389454 0.699235365906687 0.00103780636570154 0.299261801034222
0.000190653704069267 0.527289807670794 0.00148916395983205 0.471030374665304
0.000180398280503325 0.511278422624376 0.00109776107806193 0.487443418017059
0.00018368184012473 0.545207305163462 0.00133953772428853 0.453269475272124
0.000898614386572824 0.550427395461211 0.00148423468970197 0.447189755462514
0.000140266733439093 0.336884272347843 0.000139943683223807 0.662835517235494
0.00017241566320181 0.367852835988294 0.000172798551940995 0.631801949796563
0.000164434803737066 0.571372993387177 0.000164087823299658 0.428298483985787
0.00204819703972726 0.702702649826779 0.000448954727639219 0.294800198405855
0.000174594815308166 0.3769654383274 0.00119556487992844 0.621664401977364
0.00041666130494356 0.690798473188233 0.000211283667962972 0.308573581838861
0.000216552059356799 0.381837697022689 0.000217276159681306 0.617728474758273
0.000211534142621406 0.466432092992445 0.00174146795125707 0.531614904913677
0.00019039295711415 0.251542241286184 0.000582431023867943 0.747684934732834
0.000141904497016964 0.390777888329445 0.00110712741042791 0.60797307976311
0.000202060379220631 0.468020962512451 0.000502552578003192 0.531274424530325
0.000145755860555972 0.50274588673256 0.00252340710568066 0.494584950301204
0.00147186819116967 0.362067871135701 0.00367097671160437 0.632789283961525
0.000208958261494613 0.593606168183986 0.00261432548159368 0.403570548072926
