0.000544767246300071 0.705575701969566 0.00137376630284278 0.292505764481291
0.00379788902201686 0.440437624339954 0.00807732695995006 0.547687159678079
0.000287864416234247 0.507710588569188 0.0197790020584899 0.472222544956088
0.000100656684803121 0.000190806526628636 0.00010065567107076 0.999607881117498
0.000229557790293618 0.112163408569359 0.00152148566253112 0.886085547977817
0.000228675990011318 0.471525318386989 0.00466700061978211 0.523579005003217
0.000195586889404713 0.339030999271438 0.000555321525163732 0.660218092313993
0.000158392344902482 0.668057384863718 0.000835043453929202 0.33094917933745
0.0103332365257448 0.542112464862969 0.0113018027443622 0.436252495866924
0.00251936807564141 0.718861458156055 0.00771512656848107 0.270904047199822
4.60050902421262e-05 0.00053369978317241 4.6005843237608e-05 0.999374289283348
0.000199052982792751 0.362721641897514 0.00123189557731144 0.635847409542382
0.000208330585764346 0.422308177006639 0.00177677548768422 0.575706716919912
0.000210827022545077 0.404556753885097 0.00126261556747618 0.593969803524881
0.000190545079033321 0.309064339518502 0.00582178532366126 0.684923330078804
5.57826588393864e-05 0.00146918352417104 5.57812359980513e-05 0.998419252580992
0.0135158095980645 0.620053334995677 0.0269631926659907 0.339467662740268
0.000229581033617396 0.441016448335276 0.000513764066744355 0.558240206564362
0.000110411957915914 0.60021343297792 0.000433194622635942 0.399242960441528
6.40754377456288e-05 0.000942595288027781 0.000122666748925681 0.998870662525301
0.000208613738146989 0.277544218114084 0.00101623899569043 0.721230929152078
0.000227117192798115 0.471940782550383 0.00300553666682085 0.524826563589998
0.000206631427685969 0.686603810937967 0.00332243884155924 0.309867118792788
3.63194072120728e-05 0.000374501729605673 4.77121397602183e-05 0.999541466723422
6.30078451346731e-05 6.30078238470468e-05 6.3005788382524e-05 0.999810978542636
0.00150008905407131 0.377256771961924 0.00982635241513166 0.611416786568873
0.000106535948806695 0.00191622303333768 0.000420616673675468 0.99755662434418
9.39835667759917e-05 9.39747776172147e-05 9.39791867180823e-05 0.999718062468889
0.00207646631259025 0.58899746651434 0.00328691331889789 0.405639153854172
0.000218001356557482 0.396269869330238 0.00174139743340111 0.601770731879804
0.000166295739772941 0.19885031464741 0.000165457722806215 0.800817931890011
0.00298354633991595 0.438253869296461 0.0164916325870208 0.542270951776602
0.00216266834130265 0.570008099450687 0.0145207266687019 0.413308505539308
0.000245054377405766 0.504838585396309 0.00744912211779919 0.487467238108487
0.000116359912139678 0.0134255534619269 0.000527817292065879 0.985930269333868
0.00237795590076396 0.602426089662864 0.0062977250121043 0.388898229424268
0.000204405350123079 0.407120489612968 0.000688714950451 0.591986390086458
0.00432139110174056 0.563493790739313 0.0518841787880982 0.380300639370848
0.00102976652966988 0.379920195533327 0.00312288118594991 0.615927156751053
0.000166055022493721 0.346125194937191 0.00131693394307495 0.65239181609724
0.00410205848943882 0.499675717320556 0.00799647593669218 0.488225748253313
6.70233221348911e-05 6.70226495774475e-05 6.70210468574279e-05 0.99979893298143
0.000292166345804615 0.249575080205542 0.00736346448321101 0.742769288965442
0.000144354490037791 0.298258568026712 0.00145937632674909 0.700137701156502
0.000202550852614483 0.728265945640565 0.00145391413320286 0.270077589373618
0.000421233750004865 0.507822371536477 0.0107178503201134 0.481038544393405
0.00010562817459777 0.00707565401643494 0.000722584000221288 0.992096133808746
0.00586894715497291 0.45475778987966 0.0222487419133472 0.51712452105202
0.00023027967781798 0.463613894898021 0.00076114578864642 0.535394679635515
0.000184094727552141 0.500241056872663 0.000637553611618987 0.498937294788166
8.00582929902202e-05 0.000124556834600599 8.00591830993526e-05 0.99971532568931
0.00210094100575077 0.75884055822754 0.0112243972720762 0.227834103494633
0.000617119488074625 0.438999200928536 0.00775338941396229 0.552630290169427
0.00691743247774181 0.620621849903466 0.00821010771177393 0.364250609907018
0.000200367164820762 0.623549909365742 0.00168119669705923 0.374568526772378
0.000176691346489757 0.431547776422556 0.00355839226540784 0.564717139965547
7.12967543119053e-05 7.12969310886786e-05 7.12979343141438e-05 0.999786108380285
0.00116091127967644 0.0703137328900269 0.00338393475185211 0.925141421078445
0.000412586893495075 0.552643169606349 0.0175766318022372 0.429367611697919
0.000179792459858001 0.64409473444044 0.0158285583346242 0.339896914765078
0.00611110283627971 0.826246536583386 0.00222454110827595 0.165417819472058
0.000244759310776265 0.612810126052759 0.011341831988196 0.375603282648269
4.70103248054402e-05 0.000970826104459493 4.6996148274252e-05 0.998935167422461
0.000168721176496116 0.102198426934448 0.00235844593085951 0.895274405958197
0.000242467203141924 0.439944548721911 0.0127976733371082 0.547015310737839
0.000223056205604666 0.265852594268539 0.00252149923275307 0.731402850293104
0.0060843541227987 0.509876510823478 0.011376606050503 0.47266252900322
0.000212128067029484 0.147832794533851 0.00555069955915367 0.846404377839966
9.19868940231517e-05 0.00561477622671557 0.00031856296193048 0.993974673917331
0.000187402962031219 0.0243011543611419 0.000233441222029422 0.975278001454797
0.000702876805889196 0.53553215529504 0.0050823328210416 0.458682635078029
0.00550348508404844 0.742508936999359 0.0158466011259378 0.236140976790655
0.000198650386716431 0.346187407951035 0.000629437344662556 0.652984504317586
0.00177419129685206 0.469808356770139 0.00710454172579164 0.521312910207218
0.000172076367167448 0.557345539275052 0.00215307078256032 0.44032931357522
0.00023555038552425 0.527034843317131 0.00176726101159655 0.470962345285748
0.000191633226459861 0.266109526635864 0.00078508056629355 0.732913759571383
0.0119329104234947 0.473397121906973 0.0546630475261936 0.460006920143338
0.00345714778657362 0.719379836344735 0.00284921955621322 0.274313796312478
0.000153700202860854 0.0139269633512044 0.000693496870310849 0.985225839575624
0.00573424487432605 0.64655852928655 0.00936267801883062 0.338344547820294
0.000202512693984673 0.3790109562868 0.00141321373102502 0.61937331728819
0.00329882777427513 0.730509526233183 0.00849918082242423 0.257692465170118
0.000225795615773095 0.429300724889355 0.00189444478093181 0.56857903471394
0.00448498152549829 0.614143779861549 0.0389496272226918 0.342421611390261
0.000204970452004231 0.620049992949374 0.000401866408429363 0.379343170190192
0.00019492707357268 0.118388950471637 0.000928626395258022 0.880487496059532
7.78351584519917e-05 7.78337713575994e-05 7.78347168083754e-05 0.999766496353382
8.52652394215243e-05 8.52628345278022e-05 8.52640797541891e-05 0.999744207846296
0.000249981300589419 0.672312165080233 0.00165511323529722 0.325782740383881
0.000211782057731019 0.72710618164481 0.00103922105492379 0.271642815242535
0.000271854334121054 0.339595276127658 0.00661159802377175 0.653521271514449
0.00388494849269277 0.69426574080271 0.00759691569874474 0.294252395005853
0.000176625375964627 0.2002047087815 0.000684529979980863 0.798934135862555
0.00019593154249223 0.541480750178304 0.000474562561236528 0.457848755717967
0.000373993458606978 0.34024385876805 0.407128149253093 0.25225399852025
0.000221481143843871 0.616830500539391 0.00554169302190706 0.377406325294858
9.33056758865124e-05 9.33056925090769e-05 9.33033283361487e-05 0.999720085303268
0.000287016730954289 0.548430319374021 0.0478577177270242 0.403424946168001
0.000120860017025274 0.0322005771043051 0.000958390968064331 0.966720171910605
0.000231991372044425 0.00414524505146888 0.000957678557553663 0.994665085018933
0.000518973439355801 0.524257298253686 0.00295639037920876 0.47226733792775
0.000881919485207819 0.602644219977309 0.0153579712562321 0.381115889281251
0.0010747352172778 0.539819627842202 0.00379051632440357 0.455315120616116
0.000160235905681407 0.458373222629549 0.0008177648441499 0.540648776620619
0.000185615866028261 0.235737065667462 0.00530853564617575 0.758768782820334
0.000237660759355617 0.350200894408459 0.00115723386635816 0.648404210965827
7.59223992669567e-05 7.59184158066508e-05 7.59203288645187e-05 0.999772238856062
0.000172924750102266 0.22127598698731 0.000479351907236316 0.778071736355352
0.00161865495116388 0.599720292274802 0.0042436631183433 0.394417389655691
0.000151153884620875 0.0422298112818606 0.000856377453904728 0.956762657379614
0.000186265596078786 0.652564415300647 0.00933880182470151 0.337910517278572
0.000222433901482961 0.367599569979525 0.00210615303733712 0.630071843081654
0.000170550261093686 0.697081009609029 0.00203168034249896 0.300716759787378
0.000200074640898924 0.479543572561556 0.00727076892411718 0.512985583873428
0.00384552635149123 0.74756053928726 0.00481346319630355 0.243780471164945
0.000200300608505545 0.490263715278486 0.0126100669748718 0.496925917138136
0.000170212872092565 0.0573121715503564 0.000431898629877085 0.942085716947674
0.000182290145531924 0.306781985508928 0.0022807123077509 0.690755012037789
0.000201953837791369 0.44620501892717 0.00183224446623429 0.551760782768804
0.00023101243162779 0.428504502821089 0.116059093348539 0.455205391398744
0.00784408774914121 0.712440531793311 0.0132275945379627 0.266487785919585
0.000237845821548585 0.322509731764629 0.0147519631638387 0.662500459249984
0.000188206564620175 0.48817512187713 0.000725391820157276 0.510911279738093
0.000230359080423842 0.600847612455562 0.00371732354111569 0.395204704922898
0.000604856791281815 0.367503148528665 0.00151244728210498 0.630379547397948
0.000207938534540634 0.494698243795213 0.00134451182072658 0.50374930584952
0.000163824917105039 0.407965856602788 0.000164171412980629 0.591706147067126
0.000190158769290788 0.544470973145564 0.0014098751879885 0.453928992897156
0.038244081261827 0.229676716526241 0.243123711840635 0.488955490371297
0.00047880388553279 0.17551406442773 0.0116105449371084 0.812396586749629
0.000224848682790092 0.528476011898823 0.00331018992979483 0.467988949488592
7.65211381733665e-05 7.65237430808383e-05 7.65238622720261e-05 0.999770431256474
0.000179353498144313 0.661507274998846 0.00098498655599046 0.337328384947019
0.000194906309274914 0.514734753142696 0.00077771933027597 0.484292621217754
0.00295209817209877 0.708764122273524 0.017726267780084 0.270557511774293
0.000301004049356671 0.0160381324761237 0.00999381455245401 0.973667048922066
0.00640210698966463 0.695122173257516 0.0117899468272161 0.286685772925603
0.000219599961705488 0.575221625080095 0.00546126542725777 0.419097509530942
0.00156910893702796 0.566034864164904 0.0225657604715689 0.409830266426499
8.90724102573797e-05 0.00541738607697158 0.000131343170674838 0.994362198342096
7.59633016854231e-05 0.0822528772828458 0.00549028102909965 0.912180878386369
9.94103361889073e-05 0.000791970398790769 9.94201162762732e-05 0.999009199148744
0.000178252932203718 0.265457826817262 0.000505030107712987 0.733858890142821
0.00243468002752943 0.729059406992846 0.000149363031678162 0.268356549947946
0.000901869273744876 0.586168228459829 0.0105642461433653 0.402365656123061
0.00154636757910399 0.502605635445418 0.0028816249072753 0.492966372068203
0.0010224118746865 0.488902541209413 0.0158424836118412 0.49423256330406
9.58581780644508e-05 0.00533086222895183 9.58227378366513e-05 0.994477456855147
0.00019022809466561 0.579618152098149 0.00214017779131328 0.418051442015872
0.000257462233093934 0.799375066548022 0.000195390209930994 0.200172081008953
0.000101608522960157 0.0061734265942837 0.000408789868957251 0.993316175013799
0.000245663232353175 0.513725564069077 0.00024563803883179 0.485783134659738
0.000232614907151893 0.712370832286821 0.0886813013915672 0.19871525141446
9.6213496568468e-05 0.000466547272931973 9.62063046343679e-05 0.999341032925865
0.00023119012851146 0.221137936820904 0.00098248670943624 0.777648386341148
0.00199686431009582 0.525584872907191 0.00245585738796752 0.469962405394745
0.000175227176202591 0.513574435775209 0.00184426814432871 0.48440606890426
0.000104756624814434 0.652028895128913 0.0021803881069639 0.345685960139309
0.0129935849834286 0.670539907097975 0.0237067428409508 0.292759765077646
0.00010953918947695 0.0793899600319547 0.0012790098030326 0.919221490975536
6.63494873096206e-05 6.63486901075321e-05 6.63522039946492e-05 0.999800949618588
0.000328181094764684 0.000248883861241609 0.000171662231116425 0.999251272812877
0.00414085787516741 0.684861810107052 0.00404014179396951 0.306957190223811
0.000181273836162457 0.500244929430807 0.000251523009987154 0.499322273723043
0.000218634705537715 0.190342479938719 0.000715087199119583 0.808723798156623
0.000182697944048074 0.0785383149620411 0.000521255507968138 0.920757731585943
0.00566887676120986 0.638113861519639 0.0259895610901578 0.330227700628993
0.000178856884211095 0.57972251175491 0.00452318419239529 0.415575447168484
0.000510711204035311 0.24858643444274 0.000544923794457182 0.750357930558768
0.000221258137154329 0.381513358572638 0.00791185333891983 0.610353529951288
8.15038209018283e-05 8.14985196405469e-05 8.1503914975921e-05 0.999755493744482
0.00432418944141665 0.58179879911646 0.0161110190111123 0.397765992431011
0.000695361974143697 0.228325781153322 0.0123406843129519 0.758638172559582
6.16614117798017e-05 6.16665159506916e-05 6.16660660291066e-05 0.99981500600624
0.000179571335826307 0.414343753738704 0.0014839668841254 0.583992708041345
0.00516354408583206 0.438602841838807 0.160734423048072 0.395499191027289
0.000224408744027444 0.476653835909426 0.00391566842289397 0.519206086923652
0.000117219893443368 0.000572679484424082 0.000370411998496797 0.998939688623636
0.000208553584188822 0.345090082925468 0.0012422550042756 0.653459108486068
0.000127141935177464 0.00143980855652349 0.000301941722321671 0.998131107785977
0.000409129307158506 0.00322560813096483 0.000724893947824393 0.995640368614052
0.000230754440811922 0.240341573959278 0.00499808682391218 0.754429584775998
0.000207513907036895 0.368584633779643 0.00273964712093646 0.628468205192384
0.000201968549832239 0.346714160944455 0.0393431698229317 0.613740700682781
0.000167511009796935 0.324934742817039 0.00107994846217808 0.673817797710986
0.000247412550406504 0.276235863342841 0.00706714278232303 0.716449581324429
0.000223514389374454 0.47524097396089 0.00448304643079975 0.520052465218935
7.9727851354292e-05 0.00306065242457136 0.000179627738291521 0.996679991985783
0.000215493886835004 0.527808459461146 0.000711239529861891 0.471264807122157
0.000566928091397676 0.774057136528186 0.00413443453575802 0.221241500844658
0.000194428025942035 0.615941469718432 0.0010392938541595 0.382824808401466
0.022689827692983 0.274878584976736 0.00895688256366994 0.693474704766612
0.000641047511652111 0.592165164249194 0.00218552334020368 0.40500826489895
0.00020307382010866 0.48711647040697 0.00280703479018019 0.509873420982741
0.0010466032449862 0.287792136542383 0.0137435353175391 0.697417724895092
0.000204162577352389 0.538209682807007 0.00679579250110818 0.454790362114532
0.000231627138487457 0.483430326869615 0.00832574614790446 0.508012299843993
8.70909306425455e-05 0.00266737653932062 0.000363499299443951 0.996882033230593
0.000421548421772927 0.0643214087562343 0.0296250772713713 0.905631965550621
0.14582917767099 0.112850521528747 0.646755927058215 0.0945643737420476
0.000217652779808465 0.719651869016147 0.00241714655877696 0.277713331645267
0.00603831445964457 0.657009671982257 0.00983249084967888 0.327119522708419
0.000152135390853967 0.33867248081567 0.0119708042308286 0.649204579562648
0.000267691127543605 0.50403048585837 0.000325872771705134 0.495375950242381
0.000162597674589881 0.343024675982299 0.000456322392603901 0.656356403950507
0.0222131138720831 0.761136374025334 0.00753585751959853 0.209114654582984
0.00216647218520127 0.385228869073865 0.002176097912431 0.610428560828502
6.58563014757545e-05 0.000837466333904195 9.58034785527966e-05 0.999000873886067
0.000214996704745784 0.362376530040131 0.00603238664185662 0.631376086613267
9.71010000699163e-05 0.000351552572769749 9.70923998189016e-05 0.999454254027341
0.00444510086323893 0.471105711830283 0.0200769633962159 0.504372223910262
0.000195707365005692 0.813713641700271 0.000881866652456641 0.185208784282266
0.000435982176830381 0.857877139353571 0.0057307143934828 0.135956164076116
0.00059757547066056 0.510917736928837 0.00252913239382125 0.485955555206681
4.0056817027616e-05 0.000388740727151082 6.42817893308136e-05 0.99950692066649
0.000248911475352903 0.468569907516772 0.00616483883848952 0.525016342169386
0.000152301918227588 0.561155503248897 0.00106430223476073 0.437627892598115
0.00015013718841615 0.480405269263184 0.00160068346328962 0.51784391008511
0.000220382636152254 0.591470119093827 0.00251674621003101 0.40579275205999
0.00016498388710692 0.442317604087566 0.00135440202371957 0.556163010001608
0.00195221894075656 0.530306718890631 0.0683894689493966 0.399351593219216
0.000159105626585828 0.652335821980869 0.000576141755311918 0.346928930637233
0.000140716176130838 0.122277617038434 0.000709878054980436 0.876871788730455
0.000321077225228353 0.445659786700218 0.0445780713964152 0.509441064678138
0.000155810778480173 0.546627492035765 0.000389290796745535 0.452827406389009
7.78398352095603e-05 7.78413526094263e-05 7.78412967347841e-05 0.999766477515446
0.000210798835983406 0.538439047452762 0.00366753741450225 0.457682616296753
0.00224785457328485 0.617189421276507 0.0191049611401984 0.36145776301001
0.000215215175470225 0.24991798728258 0.00315414671918062 0.74671265082277
0.000296908526756895 0.284788161447684 0.028462664259554 0.686452265766005
0.000110135841097949 0.0176167115301329 0.000539058040508489 0.981734094588261
0.00729469796225443 0.614769234288544 0.0147547262338392 0.363181341515362
0.000117228642570968 0.623531796057377 0.000526703891981349 0.375824271408071
0.00179259060073294 0.752523741763008 0.0097565437519327 0.235927123884327
0.000179713658579842 0.28763547403102 0.00100626325845045 0.71117854905195
0.00304579544237993 0.735873307524179 0.00701810584196847 0.254062791191473
0.000152870568108238 0.37110726687471 0.000992232585193688 0.627747629971988
0.000211537947087782 0.432788840656377 0.00289898596954754 0.564100635426988
0.00460080454526926 0.765552544204362 0.00119722824710864 0.228649423003261
0.000960779106830867 0.465757503459454 0.00785036504157493 0.52543135239214
0.000181323675940909 0.686049103928812 0.00102302771949846 0.312746544675748
0.000221501267871561 0.387901494449331 0.00275676057558265 0.609120243707215
0.00644590792972012 0.52687697290917 0.00975631466191151 0.456920804499199
0.0519839459332425 0.227741697211347 0.112099630580019 0.608174726275392
7.37652456889395e-05 7.37653311999536e-05 7.37660157954886e-05 0.999778703407316
0.000182036442607152 0.728407072706811 0.00182674593038073 0.269584144920201
0.000379674554625531 0.60506602465648 0.0993518504016833 0.295202450387211
0.00236770144564398 0.55477361531781 0.00834327333484416 0.434515409901702
0.000240072952598009 0.33855740459429 0.00213555207284696 0.659066970380265
0.000231947964721063 0.547657356984878 0.0027640760483199 0.449346619002081
0.000238875588378037 0.726977939852496 0.00391221802994914 0.268870966529177
0.00266085097484763 0.538848080693388 0.0455583506840592 0.412932717647705
0.000199900978096122 0.405864698651471 0.0115668100538916 0.582368590316542
0.000181263793992514 0.214452621295031 0.00100830890036632 0.78435780601061
5.08895719492979e-05 0.00130040032007011 5.08877716827192e-05 0.998597822336298
0.0391160780951597 0.374427435226698 0.3101065859847 0.276349900693442
0.000220081489388016 0.729728220309567 0.0016700852569594 0.268381612944086
0.000254000340880069 0.630433009589159 0.0197977586357188 0.349515231434242
0.000214351285254484 0.307764802839479 0.00465636348169553 0.687364482393571
0.000223278785545228 0.598204718372964 0.00340995695534 0.39816204588615
0.000185495275633166 0.434414253052813 0.00769180014314848 0.557708451528405
0.00527996946661066 0.489860666530182 0.0719786823417509 0.432880681661456
0.000253173587492152 0.614625439590051 0.00464429468650823 0.380477092135949
0.00055590480810221 0.466038524863875 0.0135062219263056 0.519899348401717
0.00562523306104398 0.455863195529569 0.011281025859457 0.52723054554993
0.000262305186138461 0.547082554479261 0.000262135033978171 0.452393005300622
0.00018584752528551 0.515760032770425 0.0104767564719297 0.47357736323236
0.00189464071129717 0.684092629738497 0.0118333053779659 0.30217942417224
0.000198330548031853 0.282494813866432 0.000642657073331595 0.716664198512204
0.000205722597456106 0.577461590784996 0.00154369362645544 0.420788992991092
9.1683082429098e-05 0.00321232207479951 9.16844253182353e-05 0.996604310417453
0.000864453744308874 0.658564155159196 0.00632264329861458 0.334248747797881
0.00023074727046036 0.545913354693848 0.00249224216187746 0.451363655873814
0.000584647413795527 0.224484150252325 0.449038590334895 0.325892611998985
0.00039838762264636 0.113894589847019 0.00373295913085828 0.881974063399477
0.000336601966278903 0.394168402412965 0.00353895693754869 0.601956038683207
0.000154147150177651 0.334087521492846 0.00226753951872624 0.66349079183825
0.000172532469510268 0.388099898953953 0.00064216242026108 0.611085406156275
4.81676256598538e-05 0.0016195633381191 0.000411014865956434 0.997921254170265
0.0003378149081884 0.595810836638076 0.00352946662967733 0.400321881824058
0.00074838458730779 0.674037066013297 0.0017648527761278 0.323449696623267
0.000720009786466771 0.730860374280371 0.00454682005255347 0.263872795880609
0.000183885068507362 0.59868442564764 0.00370223260477251 0.39742945667908
0.0205693447346204 0.476684172387516 0.213924857400134 0.28882162547773
0.000233814546445557 0.281443455959338 0.00193837162350265 0.716384357870714
3.80837623458053e-05 0.000879314440925043 0.000251122909518914 0.99883147888721
0.000333028241678973 0.335988182274396 0.0142084186873005 0.649470370796624
0.00399661852700237 0.667110993775993 0.0111074706324101 0.317784917064595
0.000215865512890066 0.452492082203942 0.00770703241001038 0.539585019873157
0.00044146223683845 0.118823023687999 0.0873304617112269 0.793405052363935
0.000159015381671713 0.629357084404272 0.00383541705476082 0.366648483159295
0.000216252236573606 0.587867848038818 0.00198763464660424 0.409928265078005
0.000278757254915377 0.324412792507436 0.209427445246079 0.465881004991569
0.000229174093436174 0.639676774005714 0.0104924716585717 0.349601580242279
0.000707968963505392 0.468386916789715 0.02080828230451 0.51009683194227
0.000145626431815485 0.52836091919923 0.00275007730343564 0.468743377065519
7.65526150613745e-05 7.65549165304778e-05 7.65524600845636e-05 0.999770340008324
0.000162154731815176 0.0224267556255418 0.00193616797980624 0.975474921662837
0.000229832224744096 0.534750049552669 0.00493174950006374 0.460088368722523
0.000219979618484609 0.420088144651146 0.0011066497416561 0.578585225988713
0.000179494571739911 0.630954866446826 0.00287906480163906 0.365986574179795
0.00019203632408233 0.688069154864703 0.000515721693451038 0.311223087117764
0.000211600546003458 0.473620696793049 0.00213148257086766 0.524036220090079
0.000229998526598374 0.44025280164092 0.00641890162473398 0.553098298207747
0.000211690558103289 0.683400883828775 0.00166601643093385 0.314721409182188
0.000132793401698321 0.0449912482879838 0.0010240402993046 0.953851918011013
0.00722164223749275 0.711115933902708 0.00544171212820573 0.276220711731593
0.00014852812174617 0.0422800686405261 0.00031284334988566 0.957258559887842
0.000232789682437705 0.45637535543536 0.0025613816314379 0.540830473250765
0.00133469520895744 0.614713140923159 0.0026435212765319 0.381308642591352
0.000366269453886311 0.410576577472794 0.0112399578269766 0.577817195246343
0.000216635924460603 0.105676474705257 0.00487676487236955 0.889230124497913
0.00043066263987033 0.233596908697196 0.00150472952433169 0.764467699138602
0.0026560025345228 0.656758314258463 0.00790563232354148 0.332680050883473
0.000585283509628969 0.764133066925594 0.00496507108847994 0.230316578476297
0.000186871430228422 0.549494789703488 0.00705520616143609 0.443263132704847
0.000170210217861213 0.259488368205533 0.00273180502043538 0.73760961655617
0.0019499487216072 0.621164378391076 0.00506444914645006 0.371821223740867
0.000237357675679834 0.176013086504493 0.0290678527871986 0.794681703032629
0.000562394809527579 0.0159213207083801 0.000830259560399535 0.982686024921693
0.000204576203727553 0.533605785222149 0.0035684887607953 0.462621149813328
0.000204584123054007 0.48898115560509 0.000875081163385782 0.509939179108471
0.00794902442006149 0.00065735523269612 0.00328848012669136 0.988105140220551
0.000201277203187198 0.575922404280014 0.00532136284392568 0.418554955672873
0.000195777818365753 0.466585678277121 0.000203807790633892 0.533014736113879
0.00278183939487039 0.675383511752398 0.00971041726138151 0.31212423159135
0.00626688089157834 0.694475587552278 0.00108575792088482 0.298171773635259
0.000207654858955738 0.480343517033644 0.00211517583761049 0.517333652269789
9.84823381998403e-05 9.8477567680445e-05 9.84812021798888e-05 0.99970455889194
0.00217097752891129 0.653936713225111 0.0121118782139043 0.331780431032074
0.00445127108063936 0.713919208963417 0.00608472569809329 0.27554479425785
0.000238594267268878 0.0627309934839951 0.00463410884237214 0.932396303406364
0.0233335933750595 0.735281012701591 0.0185525025176257 0.222832891405723
0.000188316597341718 0.470185133423076 0.00645047800510313 0.523176071974479
8.41872552648863e-05 0.000273734647877093 8.41780394538301e-05 0.999557900057404
0.000246901070255522 0.319584109942533 0.00580214749224973 0.674366841494962
0.000224280733032269 0.581174240053595 0.0043193833317691 0.414282095881604
0.000202648536869534 0.556673303985927 0.00147251868622258 0.44165152879098
0.000155383388701497 0.599120821466456 0.00207532411163901 0.398648471033203
0.000226314384604621 0.48900424749085 0.0102126770268391 0.500556761097706
0.000213687730765076 0.693282617870619 0.00156212856932977 0.304941565829287
0.000631018327556913 0.702326956206001 0.00556328744326837 0.291478738023174
0.000135983336580519 0.103976175710345 0.000135736623769162 0.895752104329305
0.000147244032247692 0.355624979135648 0.000958657657086612 0.643269119175018
0.00199182564174772 0.709978983820756 0.00578135164739372 0.282247838890102
0.000173173293825218 0.414395603691034 0.00225653754484358 0.583174685470297
0.00121025194850783 0.793666105029899 0.00394048955858529 0.201183153463008
0.00760997378380054 0.409804304239056 0.0237799658935588 0.558805756083585
0.001354514790409 0.0863689871798464 0.00593183453254165 0.906344663497203
0.00375057100713724 0.678315343725207 0.0162778212660812 0.301656264001574
0.000192044491734241 0.348424297238326 0.000191879596513854 0.651191778673425
9.51595911816634e-05 0.000864946058394089 9.51576391474598e-05 0.998944736711277
0.00513797261682945 0.679388345455725 0.00621352720468803 0.309260154722758
0.000200648228454642 0.437921006012154 0.00104317120430969 0.560835174555081
0.00441739861406817 0.612156486307418 0.0102861744571844 0.373139940621329
0.00492707647142803 0.588281048253372 0.0119958088412877 0.394796066433913
0.000172988204677391 0.779432858465525 0.000646691075506745 0.219747462254291
0.0142136398124012 0.713199925808033 0.00994549757807438 0.262640936801492
0.000692516914582787 0.593181791161634 0.0126889748403044 0.393436717083478
0.000494907563274229 0.355858975389948 0.0101114924041124 0.633534624642665
0.000255436684631162 0.0760812768647063 0.00391167103057823 0.919751615420084
0.000218150607539261 0.169854689346037 0.00223285598375477 0.827694304062669
0.000227327485608572 0.63213546627797 0.00117509254365247 0.366462113692769
0.000193998963952312 0.11214767703531 0.00171467625432614 0.885943647746412
0.00501219943575838 0.1171996732907 0.00642257825687941 0.871365549016662
0.001083402033455 0.29573701840686 0.0012092674557457 0.701970312103939
0.000207037984822157 0.308969353276187 0.00197921195657587 0.688844396782415
0.00022064565821955 0.371050232213633 0.000221017735523531 0.628508104392624
0.000207881114187702 0.19502306657395 0.000957066089089594 0.803811986222772
0.000154608543055281 0.466070609537197 0.000155306011056171 0.533619475908692
0.000238982852841054 0.636903276958346 0.0104593352023297 0.352398404986483
3.11889798173723e-05 0.00086658490625381 3.86422336971347e-05 0.999063583880232
0.000181824055482699 0.771256342006778 0.00130576604411923 0.22725606789362
0.00197422043222556 0.53910932582563 0.00344670934283129 0.455469744399313
0.000164787082713842 0.517634619434642 0.000728335985001188 0.481472257497643
8.32389758128112e-05 0.0116819643324793 0.000126061377042559 0.988108735314665
0.000127635653768015 0.0437467188070469 0.000353327156256931 0.955772318382928
0.00103855634505517 0.4932825853637 0.00806656319349893 0.497612295097746
0.00392187127220272 0.478262498536894 0.0163547461229462 0.501460884067957
8.36880886987734e-05 8.36900780579918e-05 8.3689672974176e-05 0.999748932160269
0.00557174938959962 0.843401255988298 0.0177497507718911 0.133277243850211
4.57987754715294e-05 0.000890769348760156 6.42401219084217e-05 0.99899919175386
5.41650041187312e-05 0.00143002247700599 5.41644730888983e-05 0.998461648045786
0.000233687184527203 0.493771486305293 0.00202895169530662 0.503965874814873
0.000881673501839253 0.540609576760704 0.00589880364767812 0.452609946089778
0.00470225302171898 0.525984689390715 0.00815296952998795 0.461160088057578
8.32071506212661e-05 0.00033698390688999 8.32030358590721e-05 0.99949660590663
0.000182613171723159 0.0991370609883619 0.00207392301773223 0.898606402822183
0.00020919535768234 0.333102709142862 0.00276264411721587 0.663925451382239
0.000218988732728358 0.582396099347537 0.00150363147560207 0.415881280444132
0.005088893570894 0.672330484982905 0.00420325296086612 0.318377368485334
0.000215824526946238 0.129508998541954 0.00164903028755295 0.868626146643547
0.00011949142782832 0.552911430797417 0.000439832384977489 0.446529245389777
0.0063330366416864 0.460272541784974 0.057129716032522 0.476264705540818
0.0351661846501702 0.546255539078594 0.00651698181896107 0.412061294452274
0.00022934372659795 0.504492834118038 0.00530596086650967 0.489971861288855
0.00419235912508285 0.496692964798351 0.0255538851574847 0.473560790919081
0.00896419650266699 0.361399803316896 0.269321243822694 0.360314756357743
0.000594543088105416 0.6928349591724 0.000864844869592031 0.305705652869903
0.0321120604513192 0.139929152846843 0.248425844080162 0.579532942621677
0.000186674789718512 0.321001014165384 0.00114838934124913 0.677663921703649
0.000262311168772109 0.417738196701981 0.00559595491296219 0.576403537216284
0.00287630461352277 0.0626957665158465 0.0436569816190353 0.890770947251596
0.000212319295950903 0.34557935182754 0.000212238203726892 0.653996090672782
0.00196012935524647 0.553747368913725 0.0129020648164206 0.431390436914608
0.00432731017006851 0.770756619200769 0.00791164138930354 0.217004429239859
0.00114071084165384 0.485265723587612 0.00818838542017558 0.505405180150559
0.000162280893970285 0.335182290942833 0.00397467881651999 0.660680749346677
0.00186301542003144 0.21633243492395 0.00967867424013189 0.772125875415887
0.000250484094642872 0.405495956516912 0.00786301927493362 0.586390540113512
0.000205149017295143 0.663225838474684 0.00147327042657383 0.335095742081447
0.0261699105295151 0.491176623981916 0.132904832266405 0.349748633222163
8.72374462971297e-05 8.72328497218722e-05 8.72313080754004e-05 0.999738298395906
0.00137148410689228 0.400768829497454 0.00624928441406548 0.591610401981588
0.000185351205557605 0.522631781834201 0.00101966322951635 0.476163203730725
0.00020526737670501 0.336677423740958 0.00322122774961859 0.659896081132719
0.000199028920062271 0.473522679466682 0.0110898529662564 0.515188438646999
0.000170911754479204 0.146974877433614 0.000380186758193245 0.852474024053713
0.000187114277260817 0.479398208449643 0.00241202329160329 0.518002653981493
0.000916400400865418 0.229800269169759 0.00485467333939107 0.764428657089985
0.000223376907713852 0.586539398494958 0.0025031153889928 0.410734109208336
0.00113905411381185 0.167075057891674 0.00407481223992424 0.82771107575459
0.000214779459266561 0.129127677450476 0.00266506687247448 0.867992476217783
0.000261324422378249 0.794479186265386 0.00703330089403325 0.198226188418202
6.75319871456356e-05 0.00198637917076055 6.75327426420415e-05 0.997878556099452
0.000200359247534532 0.316448519504115 0.000487897179878417 0.682863224068472
6.21418152177929e-05 0.00140401423791264 0.000241196911106997 0.998292647035763
0.000236292126683272 0.118618491184442 0.00213659966096358 0.879008617027912
0.000875220880494123 0.73284226129516 0.00219294668475043 0.264089571139595
9.32177490914302e-05 0.00438508224159054 0.000303313477717768 0.9952183865316
0.000299878938432163 0.0606071421298159 0.00901172014599758 0.930081258785754
0.00100590222499053 0.39040649360397 0.00334989155041327 0.605237712620626
0.00292909667425958 0.505035433698056 0.0125661584177292 0.479469311209955
0.00482314697408739 0.737870318954492 0.0160677156963723 0.241238818375048
0.00076531592016587 0.50001164210835 0.00267958353531789 0.496543458436166
0.000209516213671202 0.43214417266531 0.00293395230599218 0.564712358815027
0.000235578422456127 0.767032687713211 0.00975401377171659 0.222977720092616
0.014410128751435 0.590446203549449 0.0195034800193675 0.375640187679748
0.00019215341427289 0.328272079248435 0.00120296988371619 0.670332797453576
0.000174086835500673 0.134413450904535 0.000173949089672537 0.865238513170292
0.000179572495764677 0.240168201504433 0.00173760070518146 0.757914625294621
0.002423265416866 0.783197233366637 0.0115263784704751 0.202853122746022
0.00419440965519279 0.673033619564065 0.00631897220649738 0.316452998574245
0.00026143475636032 0.518831911686343 0.0436904486601189 0.437216204897178
0.000243920487193864 0.421704483243872 0.008643693202392 0.569407903066542
0.000159136588581339 0.0017796169103537 0.000487957177412774 0.997573289323652
0.000215105938253647 0.606442207763411 0.00395440679026459 0.389388279508071
0.00157857836724351 0.706791936052872 0.0227935445372335 0.268835941042651
0.00140271618695635 0.194799934471759 0.00198260532845192 0.801814744012833
0.000152047693566871 0.180370917016116 0.000152118700085842 0.819324916590231
0.000202953955416192 0.472109486480526 0.00224833174406809 0.52543922781999
0.00020269906756682 0.631053813813033 0.00147778729153694 0.367265699827864
0.000203756646328179 0.521593987297945 0.00477574953051164 0.473426506525215
0.000214728983795419 0.184617988940952 0.157960479914604 0.657206802160648
0.00021892632986414 0.338234020350821 0.000798619860905427 0.660748433458409
0.000228773457931913 0.683138204155925 0.00522439812682074 0.311408624259322
0.000198477860380301 0.170970549396219 0.000788174657514123 0.828042798085886
0.000108375464976694 0.613200687214333 0.0022124457551602 0.38447849156553
0.000211352067513562 0.710407905149686 0.0901055330459003 0.1992752097369
0.00369655709102813 0.55201591943686 0.00825530929549663 0.436032214176616
0.00157720387540773 0.586963986743835 0.00336790247641346 0.408090906904344
0.000220294020292801 0.175981286998808 0.00297396049741992 0.82082445848348
0.000767812062163374 0.124613135875157 0.423408712005951 0.451210340056728
0.000209760946280876 0.318810322146909 0.00385679802591598 0.677123118880894
0.00923609040838999 0.509160860181437 0.0160640014114152 0.465539047998757
0.000702757266569746 0.602207887854828 0.00632674451673143 0.390762610361871
0.00349476346815838 0.474960609365249 0.00336372033507529 0.518180906831517
0.000634808068771558 0.658560401708281 0.00043256671171823 0.340372223511229
0.000326365444003209 0.591023094368346 0.0644303407816004 0.344220199406051
0.00023303592312645 0.235633601277845 0.00109002691897461 0.763043335880054
0.000189919773516177 0.535056351103509 0.00164798984978039 0.463105739273194
0.00023458119182681 0.0649998189915767 0.00361421879239726 0.931151381024199
0.000591086991431112 0.34766778947524 0.392280624367468 0.259460499165861
0.000223162391063201 0.401653035101575 0.00709612515186978 0.591027677355492
0.000102535554092355 0.560618047892042 0.000324501904783281 0.438954914649082
0.000218154947418467 0.52382277426557 0.0095372984411352 0.466421772345877
0.000210837745120711 0.600976255153738 0.000972430680275885 0.397840476420865
0.000108881928308981 0.581891307878347 0.000109419932090704 0.417890390261253
0.125896424350203 0.268492265853411 0.395770903067422 0.209840406728963
0.000899880240215462 0.459061513480527 0.00491616967896217 0.535122436600295
0.00236410676783343 0.396613171490138 0.0147149335196183 0.58630778822241
0.000202872049121845 0.557691612570893 0.0031163245224271 0.438989190857558
7.9603747801058e-05 7.960616751061e-05 7.96018188651346e-05 0.999761188265823
0.000238631928617023 0.62323553011054 0.0182149072510608 0.358310930709782
0.000169659959005899 0.533393239280021 0.000487225443561387 0.465949875317412
9.70783818999549e-05 0.00271680499127524 0.000104455719060502 0.997081660907764
9.89200424420663e-05 0.533175394966324 9.88944098830307e-05 0.466626790581351
0.000206912969941002 0.349290221523325 0.00177428995091336 0.64872857555582
5.26729839455409e-05 0.000410802787344161 5.26702842912189e-05 0.999483853944419
0.00030909791794208 0.381205530383062 0.0899423136049458 0.52854305809405
0.000273901725813841 0.419508946830588 0.00650811305886953 0.573709038384728
0.00444040084321591 0.591560547546149 0.00635697831728505 0.39764207329335
0.000124303321686138 0.625876660999356 0.000652458736151949 0.373346576942805
8.2083580933005e-05 0.00364472429110259 0.000126187855528808 0.996147004272436
0.000214120377133115 0.502879319934743 0.00209540421758752 0.494811155470536
0.000182710681035565 0.402149668053029 0.00726320380420001 0.590404417461735
0.000170369676193014 0.439414381746485 0.00202684528971914 0.558388403287603
0.00263920798985961 0.210051994522566 0.00359695330559897 0.783711844181975
0.00210337457641997 0.598048643120209 0.00397374518809028 0.395874237115281
0.000180304975902452 0.766193948820988 0.00189038653260316 0.231735359670506
0.0111297266489362 0.518298057612592 0.0281410544045962 0.442431161333876
0.00473915384790751 0.572133732425371 0.00619684659145823 0.416930267135263
0.000186658785312344 0.417736315045922 0.00210969599326283 0.579967330175503
0.00459365592673092 0.548097707136007 0.0549471687824789 0.392361468154783
0.00428940847209731 0.508934051880922 0.00924725588843489 0.477529283758545
0.21119114254062 0.263863115619167 0.371985373813396 0.152960368026818
0.000936707791255605 0.703664368724984 0.00411173878738899 0.291287184696371
0.000241339673222949 0.224018358249565 0.00544120135005672 0.770299100727155
0.00257727433910777 0.622384376822486 0.00871019951109196 0.366328149327314
0.000207581024949656 0.456001558284913 0.000481740080002348 0.543309120610135
0.00018541914504562 0.481981942280427 0.00124935089290657 0.51658328768162
0.000156878170463587 0.418498266801016 0.00658055461194117 0.574764300416579
9.65227580464009e-05 0.000893176960761955 9.65189850080627e-05 0.998913781296184
8.12963159140598e-05 8.12979839856331e-05 8.1296464990799e-05 0.999756109235109
0.00259166461230399 0.432886844903316 0.0119140620542467 0.552607428430133
0.000201047870392839 0.564965955092489 0.000857360786410578 0.433975636250708
0.00186598143315269 0.481501937807847 0.00725204830537926 0.509380032453621
0.00385824947040778 0.709051410808358 0.0146446625373303 0.272445677183904
0.0123933851568205 0.211736699918233 0.0770583689478871 0.69881154597706
0.00024909366070838 0.432810935679758 0.00162319905391648 0.565316771605617
0.000161528503945275 0.583213010394609 0.000161411489118787 0.416464049612327
