0.000196740386835328 0.49734848560912 0.00250665944673129 0.499948114557313
5.70026033904885e-05 0.00103880251795094 5.70038883564712e-05 0.998847190990302
0.00214993547054221 0.666372917772575 0.00745912129069949 0.324018025466183
0.000179679470137376 0.538566401214305 0.000426180745346237 0.460827738570212
0.000184657633949329 0.582806147824353 0.000569220587440609 0.416439973954257
0.00015255643163304 0.540019746347666 0.00142702932402927 0.458400667896672
6.54571914480972e-05 6.54575658113399e-05 6.54575264788327e-05 0.999803627716262
0.00063328625155822 0.331020342945618 0.000789991678423277 0.6675563791244
0.000918068327939702 0.252518224413843 0.000191223506216199 0.746372483752001
0.000158614248622355 0.40283216395846 0.000158428457711796 0.596850793335206
0.000145169454301079 0.742212739919937 0.00121821831345254 0.256423872312309
0.000187324970208302 0.612241077884971 0.00303903400968553 0.384532563135135
0.000162716356978241 0.517499100271575 0.000162357980773103 0.482175825390673
0.00136937121379912 0.51689198654414 0.00141376451530241 0.480324877726759
0.000187799655455342 0.417878591401975 0.00121069647543775 0.580722912467132
0.000166911371519901 0.383545022574428 0.00177592574402492 0.614512140310027
0.00171024193093915 0.405441136523467 0.00156163914707228 0.591286982398522
0.000213901710880918 0.300372343669449 0.0045282009826971 0.694885553636973
0.000158624734817415 0.095218648295212 0.000158558969262571 0.904464168000708
0.000162977220651045 0.262905437766828 0.00076726961576959 0.736164315396752
0.000813068138230144 0.452542190960963 0.00395148388578712 0.54269325701502
0.000171703113125385 0.602478712213001 0.000235709979001016 0.397113874694873
0.00270907783587784 0.383665238347239 0.00553900634357034 0.608086677473313
0.000196245163739089 0.538829188723059 0.00603797794357271 0.454936588169629
0.000168480227588359 0.345540287651541 0.000501568513542267 0.653789663607329
0.000458066737134331 0.820380102428716 0.000166919493172731 0.178994911340977
0.000129299288999621 0.484078764662563 0.00973508623381822 0.506056849814619
0.000274589705441504 0.508440019291556 0.00844240805378789 0.482842982949215
0.000140608327664557 0.41281825518716 0.000616662411343837 0.586424474073832
0.000201467283921416 0.491390552759566 0.00123834672432238 0.50716963323219
0.000182022621683373 0.30407574721717 0.0015457673286209 0.694196462832526
0.000162160665410394 0.128031556470925 0.00233845237131065 0.869467830492354
0.000157638417292345 0.579568604476396 0.000932875287766767 0.419340881818545
0.000154177844356904 0.244575005619053 0.000427938611209394 0.754842877925381
0.00066393399761927 0.379911162401567 0.0029481020935368 0.616476801507277
0.000241137655833121 0.601884329203103 0.00178912008508053 0.396085413055983
0.000142088323738269 0.415467875568772 0.000142069350325647 0.584247966757164
0.00016960157954594 0.223094139956043 0.000204939625804238 0.776531318838606
6.65573814328753e-05 0.000161372949361656 6.65581484281819e-05 0.999705511520777
0.000145281122052561 0.327131941111824 0.00282306979441628 0.669899707971707
0.000165096746246653 0.413640352862379 0.000165116817963446 0.586029433573411
0.00538025779604415 0.617972221310223 0.00512063115282641 0.371526889740906
0.000809537475072588 0.255177892219248 0.00122333622707356 0.742789234078606
0.00015195579608107 0.270061928892485 0.000559223248486107 0.729226892062948
0.000217813761542716 0.117357785474991 0.00485979410760233 0.877564606655864
5.41909940095358e-05 0.000656221550505049 5.41877464555474e-05 0.99923539970903
0.000186888305103913 0.451715412237127 0.000542061569109936 0.547555637888659
0.000151616923763933 0.143389346483173 0.00125334752398531 0.855205689069078
0.000177825847728223 0.585827498996203 0.00163382946794026 0.412360845688128
0.000705287710953222 0.355230456536395 0.0102725415145097 0.633791714238142
0.000183626240441755 0.492560194735586 0.0012348559432643 0.506021323080708
0.000919112865290956 0.198691063614271 0.244746741687796 0.555643081832643
0.000179361964064283 0.102923088598805 0.000205493389743658 0.896692056047387
0.000226216389702716 0.150291746326578 0.00194988358437011 0.84753215369935
0.00307921365508544 0.46527157301164 0.0637397982361699 0.467909415097105
0.000731360486462234 0.247341574736045 0.000449607484454644 0.751477457293038
0.000176688886199941 0.552140555951477 0.000694159325943132 0.44698859583638
0.000161543230160302 0.714092263317859 0.000161687685140061 0.285584505766841
0.000151121045641987 0.491049512523751 0.000151105802115621 0.508648260628492
0.000183237120240205 0.272514768953873 0.000399318778416545 0.72690267514747
0.000210302422823148 0.54227952278178 0.00278676025268469 0.454723414542712
0.00016809136230338 0.469155575229233 0.0007487948010075 0.529927538607456
0.00020557076678982 0.489466829422247 0.0298187403715381 0.480508859439425
0.00024253465042252 0.404821348479281 0.0206991295950343 0.574236987275262
0.000184147005342807 0.39878252928058 0.000185781538622602 0.600847542175454
0.000189851211865941 0.704253887383656 0.000189469498960906 0.295366791905517
0.000187727778217804 0.46261742052125 0.00181624827301427 0.535378603427518
0.000407895098638363 0.492354128547465 0.000133136876860162 0.507104839477036
0.000219402884340838 0.689840897339039 0.00635221257502055 0.303587487201599
7.35980790818812e-05 0.00034843547716611 7.36103036430582e-05 0.999504356140109
0.000140206382275002 0.0564470616127196 0.00065145326991319 0.942761278735092
0.000192037722682979 0.226048910228313 0.0012609245870411 0.772498127461963
0.000187167134712948 0.155825965994525 0.00059278775853841 0.843394079112223
0.000190111161766709 0.636740296736144 0.00506802941039619 0.358001562691693
0.000137692201171472 0.547199057270233 0.00013736776326247 0.452525882765333
0.000470584662459266 0.40899775689022 0.176015976140564 0.414515682306756
0.00012103599271578 0.62677242505297 0.00012113436412253 0.372985404590192
0.00014103234654498 0.602536534064601 0.000839744701810022 0.396482688887044
4.60611967916211e-05 0.0642259190494071 0.000171339274177648 0.935556680479624
0.000188816056182264 0.412801602248178 0.00018061351074361 0.586828968184896
0.000152128053546115 0.57247235545022 0.001097823960447 0.426277692535787
0.000185665804813892 0.46679439343064 0.00240403673779545 0.530615904026751
0.000177974649052143 0.294850911282661 0.0289287889850171 0.67604232508327
7.67525739324734e-05 0.000411805192271098 7.67522226340093e-05 0.999434690011162
0.000186328950391607 0.558325787042167 0.00161801709025497 0.439869866917186
0.00016007005826561 0.70683686132586 0.000410635290900628 0.292592433324974
0.000393389044378152 0.636126486328644 0.000854122048490461 0.362626002578488
0.000193610402505154 0.33647236728131 0.00209226638338716 0.661241755932797
0.000144617611563073 0.274820452795894 0.00125839657086427 0.723776533021678
0.000187683755703366 0.386457144035967 0.00583922710444284 0.607515945103887
0.000169039884324871 0.443645032004058 0.000370992966462787 0.555814935145155
0.000184148372621288 0.406363652834151 0.000184255534203715 0.593267943259024
0.000134633065265537 0.548858745445035 0.00395711252642748 0.447049508963273
0.000170458098430422 0.44389038587919 0.00017009504054304 0.555769060981836
0.00120628360407366 0.529766651019854 0.00204823019661655 0.466978835179455
0.000150003822623047 0.461742885282904 0.000999911672593727 0.537107199221879
0.000250671478906091 0.630822133133986 0.0121810972410156 0.356746098146092
0.000171969924275285 0.675283939847163 0.00075232792581351 0.323791762302748
0.000144065328269881 0.477760996117327 0.000144104114790524 0.521950834439612
0.000190135171396481 0.397321995005869 0.00137609699524117 0.601111772827493
0.000133610524598875 0.504539510482946 0.000133643215005551 0.49519323577745
0.000251078566123421 0.296795806561307 0.0136900266640782 0.689263088208492
0.000175722459000435 0.450863542683646 0.000948700150636453 0.548012034706717
0.000641746186134758 0.724426903896511 0.00141176122998106 0.273519588687374
0.000148572471942518 0.563883901186833 0.000402419817956421 0.435565106523268
0.00255050868721606 0.555866980015118 0.0126677927479559 0.42891471854971
0.00019774104590037 0.537046320347853 0.00166004833860948 0.461095890267637
0.000183726036537961 0.598101583306099 0.000758883647540798 0.400955807009822
0.000140868390236839 0.609044269540198 0.000139964757504769 0.390674897312061
0.000166785772814205 0.645483966491793 0.000340056442013975 0.354009191293379
0.00476936010481023 0.301021009185614 0.0105445063256847 0.683665124383891
0.00014840851949428 0.565964682271085 0.00260066275437807 0.431286246455042
0.000146877938221127 0.66541641726464 0.000147461450751137 0.334289243346388
0.000165814054032967 0.542218942954883 0.000165686409676046 0.457449556581408
0.000209529418075068 0.478119140197429 0.0002091093348723 0.521462221049624
0.000164667883124818 0.429819366085894 0.00633840847410059 0.563677557556881
0.000192437031485436 0.471231261424288 0.00196125630784604 0.526615045236381
3.24116802015003e-05 0.000487817397232888 6.20998655728719e-05 0.999417671056993
0.0142285067152302 0.306767574965149 0.422998938706912 0.256004979612709
0.000141852462231847 0.541680674794644 0.00014162308313504 0.458035849659989
0.000145719031912407 0.522711809375894 0.000145159369644146 0.47699731222255
0.000153476449752278 0.610650545226081 0.000153725007453962 0.389042253316713
0.000307283454636095 0.235210159179343 0.00334307230819466 0.761139485057826
0.00321190193675058 0.474379009964974 0.00709555783135394 0.515313530266921
0.000184805791321539 0.520022228623834 0.000987272608685735 0.478805692976159
0.00016837215416738 0.599757076730285 0.00145623733636121 0.398618313779186
0.00301783247924065 0.560193272984486 0.00689173049893264 0.429897164037341
0.000172666964249248 0.612290303890224 0.00180929477779948 0.385727734367728
0.00014709006062084 0.589933530102044 0.000145300503042468 0.409774079334292
0.000948026755523011 0.450970510053265 0.00204645341784764 0.546035009773364
0.000328311483866697 0.681648465339817 0.000131234847386335 0.31789198832893
0.000196320764794438 0.487503126085061 0.00132306311742212 0.510977490032723
0.000342650798653715 0.283029149689623 0.00151306727900692 0.715115132232716
0.000226604162347401 0.468933398487689 0.00178377425787259 0.529056223092091
0.000179261083285248 0.497316239565783 0.000688519295845166 0.501815980055087
0.00012403230608875 0.390788169675732 0.000611357891119758 0.608476440127059
0.000179072533415118 0.53543869685464 0.0086951412217848 0.45568708939016
0.000215750969430782 0.306836301827522 0.00357628533636632 0.689371661866681
0.00019566071701384 0.709550890424781 0.00281193907650335 0.287441509781702
0.000157178226681613 0.702262178912618 0.000156990684289326 0.297423652176411
0.000164710219993871 0.516239407223617 0.000589979886277504 0.483005902670112
0.000117141601338807 0.536523897847295 0.000117945637085776 0.463241014914281
0.000169807893955092 0.417905422706758 0.000936019277465791 0.580988750121821
0.000114812133943363 0.0473765898311188 0.000115126580388106 0.95239347145455
0.000704402303905096 0.127972107626126 0.18660715865327 0.684716331416699
0.00018027081242382 0.832746091695087 0.000300773211829965 0.166772864280659
0.00446893047247772 0.14375325870073 0.0195310939149064 0.832246716911886
0.00016119787992644 0.21036804079365 0.000161718371344913 0.789309042955078
0.0326478985393138 0.425103271196771 0.0664276430126159 0.475821187251299
0.0004042637738251 0.239949901400212 0.00455074583813596 0.755095088987827
0.000147500421574458 0.154873287487962 0.000327460104849274 0.844651751985614
0.000277102133128828 0.510051334968702 0.0785769308450153 0.411094632053154
0.000116508365484008 0.632318557401689 0.000210489830857806 0.367354444401969
0.000148485882014971 0.447514146456336 0.000148818660866692 0.552188549000783
0.00127868218444538 0.366036001699249 0.00213593148238079 0.630549384633925
0.000171372529947406 0.735921959479243 0.000642042750741942 0.263264625240068
0.000420436956021744 0.0132401853911604 0.000924403204911181 0.985414974447907
0.000149422167325544 0.559744877416734 0.000149302692380206 0.43995639772356
0.000221942427336327 0.482019831279027 0.00964070871134781 0.508117517582289
0.000187176877118263 0.576584288203769 0.000834804113597196 0.422393730805515
5.46063117930339e-05 0.000678367114151049 5.45999638812129e-05 0.999212426610175
0.000142302320571772 0.420074922256952 0.000143405241513332 0.579639370180963
0.000400963133784192 0.395306229832084 0.00139255538572258 0.602900251648409
0.00408603475851523 0.352420506677485 0.0307792927335291 0.612714165830471
0.000199452371167895 0.823914499075459 0.00112243103642166 0.174763617516952
0.000331521491920924 0.517176642776043 0.00235419454438087 0.480137641187655
0.000127051511476155 0.537275752459525 0.000627711523084286 0.461969484505915
0.000393584147211193 0.294075080771025 0.000316005326014198 0.705215329755749
0.00131354164341649 0.515699359875119 0.00149890144088202 0.481488197040583
9.15627016805728e-05 0.0012091582129914 9.1560904102856e-05 0.998607718181225
0.000265433570476765 0.356620080864708 0.00878806179233731 0.634326423772478
0.00014737878007554 0.00132078293298422 0.000160665728562218 0.998371172558378
0.00384352231753366 0.339665403583178 0.00277580541894784 0.653715268680341
3.59918494004479e-05 0.00149755335078177 3.59962034032891e-05 0.998430458596415
0.000209192016812499 0.465012173089614 0.0113077312686832 0.52347090362489
0.000251055500640706 0.161437150789252 0.00194550709109258 0.836366286619015
0.000166747775981677 0.622437758339533 0.000660805869796054 0.37673468801469
0.000185799262998478 0.487138458110091 0.00205298419144672 0.510622758435464
0.000186102749868657 0.494257168444609 0.00143339589808813 0.504123332907434
0.00053550876319487 0.533934658680685 0.000169185551115674 0.465360647005004
0.000171908846478405 0.713658886985615 0.000172343349758573 0.285996860818149
0.000195110737485262 0.0993695127472985 0.000692620215574669 0.899742756299642
0.000156041221326409 0.185037140624453 0.000155737189925364 0.814651080964296
0.000280450054953397 0.186276520641569 0.00214580281805792 0.81129722648542
3.47903370937002e-05 0.000725016157026819 7.40321200085395e-05 0.999166161385871
0.00019282216861544 0.364751107936793 0.000192937312389261 0.634863132582202
0.00013595067744288 0.679807657086727 0.000425692615884058 0.319630699619946
0.000186303989283057 0.758182676606671 0.00201977130155147 0.239611248102495
0.000112263302613301 0.126763761949061 0.000112285449101625 0.873011689299224
0.000140409009227291 0.696172936550516 0.000140412665008177 0.303546241775249
8.79917401837857e-05 0.0266519057813224 8.79887939973436e-05 0.973172113684497
0.000191870164451098 0.574410902691176 0.000191474244971921 0.4252057528994
0.000155450023435968 0.618159054521673 0.000156085447454744 0.381529410007436
0.00347896649372114 0.440911993207737 0.128096878689312 0.42751216160923
0.00404791707106008 0.810120209642162 0.00523897885504169 0.180592894431736
0.000445507198636217 0.716628172075789 0.00025172425661956 0.282674596468955
2.78371236937191e-05 0.000363609299867331 2.78371108207627e-05 0.999580716465618
0.000179887563779496 0.484082865249631 0.000436870665085745 0.515300376521504
0.000194021784758632 0.304155041709198 0.000272014983997314 0.695378921522046
0.000191831914435698 0.0685148830829307 0.0032166954767221 0.928076589525912
0.000244077763323125 0.418877642726785 0.0185282825285182 0.562349996981374
0.00612678606389732 0.598879897599141 0.00334768914855929 0.391645627188402
0.000195868449819404 0.433326326212788 0.00388801699067517 0.562589788346717
0.000147134555328149 0.399159531054035 0.000876001643776205 0.599817332746861
0.000434745256382491 0.452539306084572 0.0127063037736526 0.534319644885393
0.000173164486582798 0.577174947377342 0.000835463640761635 0.421816424495313
0.000162341021023294 0.224643838624806 0.000414974285102648 0.774778846069068
0.000235324240027291 0.265591619787152 0.00656040785597577 0.727612648116845
0.000199952756810445 0.65903744750727 0.00342918172619056 0.337333418009729
0.00019339514477618 0.116450131954742 0.00657844175058099 0.876778031149901
0.00105815932912353 0.21021539347225 0.019330259277599 0.769396187921028
0.00015328766695638 0.44555710124979 0.000273702350493392 0.55401590873276
0.000499229477092407 0.449400163673586 0.430930876226854 0.119169730622468
0.000549403937904065 0.847725217115098 0.00381751710747705 0.147907861839521
0.000927349194442002 0.342759277122223 0.00671268678478843 0.649600686898547
0.000848392075506766 0.800705866756277 0.000608303958944628 0.197837437209271
0.000191616231419622 0.370365217600686 0.00185169166987363 0.627591474498021
0.00604238162034967 0.74332064010183 0.0302531402233785 0.220383838054442
0.000173349747035629 0.355446531775645 0.000868683856767262 0.643511434620552
0.00733564250464014 0.121543863482661 0.746356931035397 0.124763562977302
0.000174826269445961 0.50731281115787 0.00132964640819079 0.491182716164493
0.000181627459424742 0.392996991586388 0.00045474317565542 0.606366637778532
0.000186838661596091 0.434691033949979 0.00147179944772268 0.563650327940702
0.000164362787573659 0.429298939104287 0.000163293792826205 0.570373404315314
0.000155388101475516 0.617905433239691 0.000154769605457329 0.381784409053376
9.51835495311958e-05 0.0225019850951481 0.00015109631854701 0.977251735036774
0.00464292362387768 0.618274814444158 0.00347633356299095 0.373605928368974
0.00339697301652504 0.586095299817182 0.00108679616685416 0.409420930999438
0.000156742895055979 0.307336350650279 0.000157551264040386 0.692349355190625
0.000155154269006322 0.398840249141455 0.000208025887995907 0.600796570701543
0.000168771512315251 0.34594911271676 0.000169618381031733 0.653712497389893
0.000195846147540775 0.530878714637448 0.00597781130785499 0.462947627907156
0.000157470868629885 0.605117821358764 0.00328091647013063 0.391443791302476
0.000306524121852049 0.734400978118198 0.000835009266121163 0.264457488493829
0.000174364200542742 0.301046925636368 0.000950785535889476 0.697827924627199
0.000124735524956445 0.715611986440763 0.00012515818739795 0.284138119846883
0.000198937410760734 0.279395296417779 0.00598932240648943 0.714416443764971
0.000159176087450617 0.652237839102422 0.00123864767509396 0.346364337135034
0.000161810683027057 0.419927436348135 0.000162056932743257 0.579748696036094
0.000500466855705731 0.363397408339104 0.00611382691017293 0.629988297895017
0.000340273027670491 0.205170960182457 0.00113422337897137 0.793354543410901
0.000336469714651984 0.375511053041446 0.000183123425528836 0.623969353818374
0.00199324368239225 0.370522701626503 0.000215650486241398 0.627268404204864
0.000188042555763652 0.375168449472328 0.0040218778049664 0.620621630166942
0.000160754210174227 0.592789634482429 0.000347440811350193 0.406702170496047
0.000231987740963206 0.215710312556423 0.0051492162106681 0.778908483491946
0.00115461221571679 0.628921882601811 0.00196822206858717 0.367955283113885
0.000181631677947857 0.36520061667391 0.00165588998525698 0.632961861662885
0.00018091718283791 0.495534297775482 0.000887420361860125 0.50339736467982
0.000166784380875368 0.486570116901281 0.0001665818286656 0.513096516889178
0.000200771471506055 0.344974763423342 0.00733083638589827 0.647493628719254
0.000267724508615972 0.0564809453824059 0.000420566470420442 0.942830763638558
0.000221424259663461 0.583704009349414 0.001837843668686 0.414236722722236
0.000160348835527772 0.581041719198052 0.000953898397607973 0.417844033568812
0.00150946597115498 0.535185971504173 0.00262589725785517 0.460678665266817
0.000160703837832328 0.522364047442598 0.000160785789554598 0.477314462930015
7.32936479859681e-05 0.00203738277878157 0.00178814282809288 0.99610118074514
0.000155118718172712 0.65338305545258 0.000155592056887412 0.34630623377236
0.000278506031464628 0.0574558720759514 0.00649937211794633 0.935766249774638
0.00767636308126716 0.514962399190286 0.0262708746617179 0.451090363066729
0.0065105310935144 0.621880181517881 0.0049158824162674 0.366693404972337
0.000228782988004567 0.500243221601116 0.00189187132727252 0.497636124083607
0.000161017933647844 0.0596684989739643 0.000159903257332828 0.940010579835055
0.00139684026442637 0.64498139956747 0.00615672869953604 0.347465031468568
0.000169470678964715 0.633729249945547 0.000621462494562733 0.365479816880926
0.000204221791260945 0.0424842660607771 0.0034448066228689 0.953866705525093
5.56532533427985e-05 5.56513407574811e-05 5.56526889028434e-05 0.999833042716997
0.000224397020220207 0.604529080200399 0.00434571809590818 0.390900804683473
0.000542065548922373 0.55840822490377 0.00244429253932394 0.438605417007983
0.000193558088342704 0.416637538711749 0.00249046555624757 0.580678437643661
0.000167782243259217 0.665252376860322 0.000168137764438066 0.33441170313198
0.000100852325412471 0.00732445562418216 0.000100852374960523 0.992473839675445
0.00021380532791654 0.520726339757687 0.00104031812710649 0.47801953678729
0.000155234131430772 0.493928168525873 0.00244263130592158 0.503473966036774
0.000149104202442361 0.0701201515790122 0.00106410026448148 0.928666643954064
0.000252027319084622 0.524709602191377 0.00102408552175731 0.474014284967781
0.000186519419557913 0.671091519346311 0.00160452746009203 0.327117433774039
7.59686061529964e-05 0.00417721116907127 7.59651819340285e-05 0.995670855042842
0.000171714796984597 0.160345522954005 0.000587166915068673 0.838895595333942
0.00014525568128638 0.731247992944793 0.000144847354185727 0.268461904019735
0.000182871920613128 0.738938510437472 0.00140151028995924 0.259477107351956
0.000443651532815117 0.509279997287998 0.18647379023199 0.303802560947197
0.000170655930026361 0.584675784202701 0.000170951618623082 0.41498260824865
0.000942600392355648 0.482776780147358 0.00139228396295441 0.514888335497332
0.000268389584648858 0.356177759387304 0.019569327052775 0.623984523975272
0.000178725352334787 0.390710701694666 0.000806124952970124 0.608304448000029
0.00015236678380467 0.734704967651315 0.000964299603331407 0.264178365961549
0.000126152694336772 0.676879674935004 0.000126293584521108 0.322867878786138
0.000182523701710584 0.292329343549047 0.00135113045955478 0.706137002289687
0.000354142471821207 0.712641974759012 0.00285293150686576 0.284150951262301
0.000148670752581242 0.287614611200905 0.00186499364375798 0.710371724402755
0.0102371965798848 0.0195217789774845 0.0301921450638637 0.940048879378767
0.000182582331155293 0.508904003282929 0.000182755606440951 0.490730658779475
0.00047654510592334 0.713766055974667 0.000803251936883366 0.284954146982526
0.000807702231259761 0.561334237047012 0.000658950825390911 0.437199109896337
0.000727997532368567 0.516539671297807 0.00698594206930429 0.47574638910052
0.000265831979405126 0.574057647728676 0.0104302116844841 0.415246308607435
0.000194254248406275 0.613859999701424 0.00174319736340874 0.384202548686761
0.000995046848566328 0.601013203307475 0.000662565854208152 0.397329183989751
0.000126375736652397 0.142838223293332 0.00477468920956389 0.852260711760452
9.02166955315699e-05 0.00252782480224514 9.02029620487309e-05 0.997291755540175
0.000191368104239666 0.205936876851881 0.00151584389517905 0.7923559111487
0.000199763367439151 0.493970454360286 0.00080679521861692 0.505022987053658
0.000510226386133815 0.685547801776109 0.000224461636305348 0.313717510201452
0.000157588829220508 0.71803742664349 0.00037857412667954 0.28142641040061
0.00100316931665051 0.119997129716287 0.000200872061274781 0.878798828905788
0.000135846563546599 0.269678968910414 0.000314574061967377 0.729870610464072
6.66940424279778e-05 6.66920928189464e-05 6.66955170845945e-05 0.999799918347668
0.000183055040571775 0.500765271749804 0.000800966016844871 0.49825070719278
0.000134440334448545 0.398720457654151 0.000552319363436502 0.600592782647964
0.000162260574124794 0.666342721379225 0.000787164271368472 0.332707853775282
0.000147639372707373 0.299575748057844 0.000147639749680589 0.700128972819768
0.00234358864920842 0.416171314634819 0.00156290833750057 0.579922188378472
0.000146074742487771 0.697414323030005 0.000146153027820418 0.302293449199687
0.000173393879927699 0.46990413432588 0.000173181123648233 0.529749290670544
0.00358663384544572 0.55109588998795 0.0042873086685376 0.441030167498067
0.00139173841958067 0.447650749692741 0.000359474280441883 0.550598037607236
0.000741171402834945 0.548540914201941 0.000756716550680286 0.449961197844544
8.10278491569027e-05 0.00403825702788418 0.00018381492945473 0.995696900193504
0.00010939455237825 0.415841352840134 0.000135301608569654 0.583913950998918
0.00012354166926235 0.673969785468141 0.000123725606307423 0.325782947256289
0.000577486166843584 0.519466125327172 0.00386380623629591 0.476092582269688
0.000156252594204454 0.356839228839986 0.00137382792819151 0.641630690637618
4.37513442638799e-05 0.00105439285579432 0.000141709281135541 0.998760146518806
0.000161917885118857 0.426822173084342 0.000809549633274527 0.572206359397265
0.000843035230665734 0.604081877721571 0.00159072178809178 0.393484365259671
0.000115745354424804 0.119647713503623 0.000137090793256516 0.880099450348696
4.18845295904801e-05 0.00039844760240833 9.25243060165855e-05 0.999467143561985
0.000378322793307513 0.0859356275782024 0.0020868711973303 0.91159917843116
0.000153550267246816 0.332381267956883 0.00168059318166579 0.665784588594204
0.00143605703893559 0.58548345041693 0.00227054422627303 0.410809948317861
0.000163408924443364 0.242170167958927 0.0006848301539756 0.756981592962654
0.00017637652034523 0.418947893733394 0.00296895876122167 0.577906770985039
0.00015442350809429 0.396639609264149 0.000416796993517523 0.602789170234239
0.00023440875984046 0.610751060498442 0.00156191918538487 0.387452611556333
0.00114742762127526 0.672220211864477 0.000945617672321539 0.325686742841926
0.00292324796109899 0.611508899314991 0.0141736573544922 0.371394195369418
6.81911329272429e-05 8.50323686518789e-05 6.81927340984587e-05 0.999778583764322
0.000172009510243314 0.572055627158837 0.000824584627541094 0.426947778703379
0.000255409556505801 0.233414177140984 0.000255004415653848 0.766075408886856
0.00016168080156548 0.628852592132079 0.00163362572541621 0.369352101340939
0.000219822578099494 0.379413210237874 0.00125116647654871 0.619115800707478
0.00044040309126929 0.000619584890954594 0.000911665762305043 0.998028346255471
0.000141724644661667 0.456495794965968 0.000209492161171356 0.543152988228199
6.74638185418072e-05 6.74593911120928e-05 6.74610542900337e-05 0.999797615736056
0.000184218335525578 0.513818977789771 0.000859369332902161 0.485137434541802
0.000161171650034483 0.548172836200168 0.00016073748649684 0.451505254663301
0.00013632849848415 0.544827381857113 0.00177618157780233 0.4532601080666
0.00019751328527405 0.000225452861866301 0.000634337396861462 0.998942696455998
0.00236820938636019 0.65311115257529 0.00225640732745952 0.34226423071089
0.00176816007593868 0.501095301084802 0.000207743870691032 0.496928794968568
0.000138085095565246 0.434780813443941 0.00127781224345053 0.563803289217043
9.0206401336118e-05 0.131947551579968 0.00241849545886419 0.865543746559832
0.000842958584018879 0.788258200591888 0.000179216613469954 0.210719624210623
0.00017705601058136 0.704875700656264 0.000177171641712868 0.294770071691442
0.000179064711410339 0.432257579911262 0.000960074514317818 0.56660328086301
0.00176542325772505 0.121600971854071 0.0128560657947486 0.863777539093455
9.29750284118579e-05 0.00119891837038365 9.2948492102811e-05 0.998615158109102
6.29894797598326e-05 0.0189431427863696 0.000305148068993748 0.980688719664877
0.000160855621694336 0.182514183589346 0.000588979577035155 0.816735981211925
0.000116602967337882 0.479255450525634 0.003765957802756 0.516861988704272
0.00241726019653685 0.588152978949061 0.215461885783026 0.193967875071376
0.000159945217387241 0.229396361437624 0.000773781432805196 0.769669911912184
0.000165137367989693 0.288606069411726 0.000165104329343517 0.711063688890941
0.00010653533168163 0.00310752180077959 0.000265688956614661 0.996520253910924
0.000146403118034457 0.332430491157924 0.000444149940438109 0.666978955783603
0.0342467522007869 0.519054778314305 0.00362636137929811 0.44307210810561
0.000153066751430786 0.558101314506819 0.000618887232356151 0.441126731509394
8.51702234005131e-05 8.51710934598589e-05 8.51692329095681e-05 0.99974448945023
0.00773824992385061 0.615633959975193 0.0753269820505664 0.30130080805039
0.000636393755679296 0.6337447981794 0.000421433900886103 0.365197374164034
0.000161144239388666 0.712088369822626 0.00186414600596642 0.285886339932019
0.00018826873512353 0.697017123780482 0.00138668328383839 0.301407924200556
0.000186055675887584 0.771735132202994 0.00144835122840267 0.226630460892716
0.000168176749202191 0.547090416128858 0.000767325019270484 0.451974082102669
0.000184188265468329 0.529708752921866 0.000184295043027042 0.469922763769639
0.000179672342908278 0.285139004722481 0.000179675655415867 0.714501647279195
0.000349646286363762 0.248903855358067 0.00419649593456578 0.746550002421004
0.000181348510426639 0.301889912377479 0.00181693955458243 0.696111799557511
0.000191703204468593 0.520076414107419 0.00146576909133337 0.478266113596779
0.000231710076879453 0.0946881005854469 0.00316365983728572 0.901916529500388
0.000138822925169281 0.527510604438435 0.0017963942645708 0.470554178371825
0.000177860833081363 0.372720537875321 0.000414792826689734 0.626686808464908
0.000144823676248243 0.512596365496472 0.00195670954126922 0.48530210128601
0.00012428752082435 9.05815701567425e-05 0.000132991876310757 0.999652139032708
0.00016787988545089 0.478053317036734 0.000732675868632772 0.521046127209183
0.000192008810142499 0.652341171677542 0.0013971712914103 0.346069648220905
0.000176722387523017 0.511962353168383 0.000176463737894542 0.487684460706199
0.000175218155618172 0.248465055281722 0.00186995936256836 0.749489767200092
0.00330542309662406 0.43494392362634 0.0178053647949894 0.543945288482046
0.000179736219569436 0.721634753413226 0.000174855846491115 0.278010654520714
0.00158032179514482 0.298006540505398 0.000966357901699164 0.699446779797758
9.39846098053898e-05 0.00351196351491799 9.39636737372443e-05 0.996300088201539
0.00018141752481302 0.432528120713037 0.00057845926560818 0.566712002496542
0.000191322318938867 0.327578204255446 0.00152285515830303 0.670707618267312
0.000284729420505512 0.369254929870916 0.100906391569513 0.529553949139065
0.0331175097609063 0.481714207657645 0.072575327420445 0.412592955161004
0.000176669686740184 0.678136539259462 0.000741936056359205 0.320944854997438
0.000174657923852795 0.6724460801713 0.000727880850781786 0.326651381054066
0.000174155295983482 0.703122113382192 0.0026406301381808 0.294063101183643
0.000110009888452572 0.00535416102996202 0.000230313088090452 0.994305515993495
0.000139960246219698 0.172234087704706 0.000372129614447561 0.827253822434627
0.000183047888654344 0.526275861052488 0.00227574464009562 0.471265346418762
0.0187679835027022 0.363667768269521 0.133106838631178 0.484457409596599
0.000153745722421729 0.0436475025958148 0.000153732340692054 0.956045019341071
0.000142535542111184 0.0502444689091095 0.000563632650493032 0.949049362898286
0.000172984396712866 0.548155968313196 0.000418256305266567 0.451252790984825
0.000576517965309366 0.422815330608036 0.000700735989103265 0.575907415437551
0.00296565235349951 0.487582952576365 0.0066390400639801 0.502812355006156
0.000154018176205649 0.0313514915384436 0.000776761826588728 0.967717728458762
0.000197371649332891 0.436808955750536 0.000971266092064971 0.562022406508066
0.000227814461046742 0.357007349090706 0.00274722663432297 0.640017609813925
0.00313175392357016 0.691007620018895 0.0145031607289384 0.291357465328596
0.00117489638960229 0.264984385736146 0.0230968323117702 0.710743885562481
0.00593304170173719 0.39947524418705 0.000542646305028257 0.594049067806185
8.66900961353443e-05 8.6687403330861e-05 8.66914122379183e-05 0.999739931088296
0.000473179997711095 0.278702034115513 0.00127776547781247 0.719547020408963
0.000632342284785216 0.431567859222506 0.00096635679015478 0.566833441702554
0.000144226133743986 0.474331152850895 0.000144089480372209 0.525380531534989
0.000167089057063689 0.446983660325605 0.000643045859463272 0.552206204757868
0.133751449937887 0.451304737615898 0.02792732769423 0.387016484751985
4.30365228264711e-05 0.000861545832579568 0.000101610353999185 0.998993807290595
0.000162061092404899 0.616744888647551 0.00426944372365492 0.37882360653639
0.000194561157614489 0.465656309998915 0.00261638495948145 0.531532743883989
0.000211478359120789 0.736818210597361 0.00306177722437739 0.259908533819141
0.000459303166629247 0.440408751721027 0.210835528609714 0.34829641650263
0.000179413509426634 0.525665971197931 0.00180630577959825 0.472348309513044
0.000210799397200271 0.364450545497623 0.000211676608397186 0.635126978496779
0.000198448730194057 0.530176458273072 0.000208576968046144 0.469416516028688
0.000221101918868415 0.563196449527304 0.000931066773940153 0.435651381779888
0.000134810418600848 0.504330422941321 0.000135127661270161 0.495399638978808
0.000627140881360232 0.474572835343512 0.00384265778650111 0.520957365988626
0.000155432906980128 0.602341144159544 0.000362606161480613 0.397140816771995
0.000299346172111064 0.0507520330004594 0.00291420232115965 0.94603441850627
0.000120864727946075 0.0449540345566151 0.00117152245391399 0.953753578261525
0.000173853867856433 0.438021862620394 0.0024505601458803 0.559353723365869
0.000423372325930546 0.513089079492813 0.000746529486473278 0.485741018694783
0.000169497431967602 0.32456934248182 0.000597283760247378 0.674663876325965
0.000317139502869517 0.31439096099107 0.00300944473359684 0.682282454772464
0.00016010465381218 0.442562997491026 0.000160236467169332 0.557116661387992
0.000314646738465959 0.520749785288394 0.0636641751440487 0.415271392829091
0.00222903205319562 0.342152979399372 0.00204696066734646 0.653571027880086
0.000271115591839798 0.250696201630107 0.00415372050540014 0.744878962272653
0.000310122379998871 0.185539733500505 0.00369428739527285 0.810455856724223
0.000179858237743424 0.540848894603339 0.00107093560869809 0.45790031155022
0.000188631886632524 0.504729988543681 0.00230368829318454 0.492777691276502
0.00011663319575812 0.0624658892238154 0.000275587047548466 0.937141890532878
0.00102828316594434 0.33800307854685 0.00201238958472975 0.658956248702475
0.000132097400690715 0.511857116278017 0.000132695913684169 0.487878090407608
0.000174917469979478 0.580238503055208 0.000174866744186057 0.419411712730626
0.00015993099071515 0.299358695335785 0.00016012907728508 0.700321244596215
0.000172782927369179 0.510041939572078 0.000633683191476506 0.489151594309076
0.000631616682758855 0.687381159241941 0.00345764351471478 0.308529580560585
4.09935758252529e-05 0.00559068366490831 4.11841870391174e-05 0.994327138572227
0.000160368503416291 0.150132915223127 0.000160395398024429 0.849546320875432
0.000153327677165887 0.34259613272914 0.000153992491638678 0.657096547102055
0.000150882931326698 0.404050593966369 0.000441947589242856 0.595356575513062
0.000737071731506309 0.447649157208273 0.00194365863604916 0.549670112424171
0.000141695823300534 0.67248605565915 0.000142262859215995 0.327229985658334
0.000159429255000656 0.548960345584854 0.000159264136690319 0.450720961023455
0.000246948636984319 0.370032697692639 0.223920216271678 0.405800137398699
0.000190390541069845 0.3572884902994 0.00728481279426967 0.63523630636526
0.000151920868764506 0.570790111908855 0.000333345756699828 0.42872462146568
0.000156306174176308 0.190149595782401 0.00062410514736566 0.809069992896057
0.00145967387409413 0.608902579354592 0.0426988177440707 0.346938929027243
0.00847054751991434 0.601171952542577 0.00453065133319456 0.385826848604314
0.000882075682671964 0.648199335370157 0.00622350763899441 0.344695081308177
0.0470158189203648 0.299933616514764 0.203223904184773 0.449826660380099
0.000146457449374899 0.690959782302315 0.000618618628598267 0.308275141619712
0.000191214284231215 0.527530650444502 0.000611670460995094 0.471666464810272
0.000142277891870148 0.102437642081451 0.000248249691989998 0.897171830334689
0.000143478686065851 0.559372877831637 0.000692815931234539 0.439790827551063
0.000228948257684361 0.159437080414231 0.0113628701393419 0.828971101188742
0.00013756142088463 0.4586660589581 0.000384472407442989 0.540811907213573
6.26265229045916e-05 6.26219456352417e-05 6.26221324307709e-05 0.999812129399029
0.000195287417286294 0.612176901575123 0.00159950723834052 0.38602830376925
3.28636418230708e-05 0.00690989440447691 3.27934300598537e-05 0.99302444852364
0.000214999795565364 0.630396811807927 0.00319569252023602 0.366192495876272
0.000212130456583986 0.516017969838111 0.00213337049369148 0.481636529211613
0.00199350548525128 0.39718887287929 0.0136228497860054 0.587194771849454
0.000405150039589345 0.49533402037348 0.000155374486948942 0.504105455099982
0.000186614772677062 0.626069577642601 0.000877292937651532 0.372866514647071
0.000190722623890451 0.510544177828698 0.0017665270934536 0.487498572453958
0.000159103678592786 0.281028732679912 0.00278338159918138 0.716028782042314
0.000208169478460591 0.484379821312352 0.00228057076517718 0.51313143844401
0.000139118728967661 0.615928679784556 0.000139475852243404 0.383792725634233
0.00018942747046655 0.444109882529235 0.000189674813431148 0.555511015186867
0.00123075288344931 0.417838058806307 0.00377666045694691 0.577154527853296
7.04623288897192e-05 0.00256277950267549 7.04673329147567e-05 0.99729629083552
0.000156094195672501 0.39002477418564 0.000156161211031247 0.609662970407656
0.00164696341539316 0.0675591726701406 0.00864130131981311 0.922152562594653
0.000196590367564369 0.639383010996446 0.00342779602656893 0.35699260260942
0.000149424175550916 0.551869651685452 0.000181902601013456 0.447799021537983
0.000255898668102699 0.374350109624511 0.000793086074988492 0.624600905632398
0.000371144761600837 0.498007506366761 0.123657611582754 0.377963737288884
0.000190630903941474 0.495805695981844 0.000915085205919472 0.503088587908295
0.000152333134576524 0.621094891199551 0.000275941988662942 0.37847683367721
0.000172855331763843 0.329067967517626 0.00151971363535637 0.669239463515254
0.000151321517679407 0.551921027461691 0.00115485275660513 0.446772798264025
0.000191278620530188 0.790264604141219 0.000700278860864693 0.208843838377386
0.00017934425319544 0.584234035705524 0.000553487993236251 0.415033132048044
0.000175873249177161 0.400611414003956 0.00106359591945005 0.598149116827417
0.000133778352280607 0.568755031219688 0.000133498129787368 0.430977692298245
0.000206003554901189 0.842420520834373 0.000350040228491769 0.157023435382234
0.00220642406152272 0.701557403069873 0.00506277554378866 0.291173397324815
0.000694788608468842 0.276047560848059 0.00213717734455566 0.721120473198916
0.000182439356199981 0.657079421951513 0.00158395838504623 0.34115418030724
0.000203681548667716 0.00648272533734726 7.73827325170177e-05 0.993236210381468
0.000225926892421899 0.46790262286309 0.00200377148283807 0.52986767876165
0.000194826572242278 0.39385819099807 0.00365739379670566 0.602289588632982
0.000488745624760298 0.705238562329491 0.000591545677512771 0.293681146368236
0.000168317876617122 0.58207024941404 0.00283157559760712 0.414929857111736
0.000187673468111494 0.567561084088673 0.000187923755853923 0.432063318687362
0.000386397538752039 0.586732495152393 0.0382385331621061 0.374642574146749
0.000193456332912924 0.565304046633288 0.000191801937260697 0.434310695096538
0.000182315725191834 0.19936013605055 0.00281830850198424 0.797639239722274
0.000182981719149407 0.538741567884152 0.00100816715815067 0.460067283238548
0.000176353769570235 0.133029356372695 0.00247413730587178 0.864320152551863
0.000173369282522129 0.665813916424083 0.00107330732852459 0.332939406964871
