0.0684021172269383 0.000153028841722409 0.926191970409443 0.00525288352189598
0.676051925417475 0.000146927068215525 0.32365412105717 0.000147026457139298
0.164439115941516 0.000188165535811417 0.835184580687927 0.000188137834745825
0.45874956280695 0.000189267192451445 0.540872053068093 0.000189116932505947
0.00304508862290565 5.10312288587153e-05 0.996852845611004 5.10345372321859e-05
0.614874291762267 0.000158665157974214 0.384807772057399 0.000159271022360085
0.194213878222701 0.000345402384751935 0.80496283527139 0.000477884121157119
0.54957692504058 0.000212591031118002 0.449855078241672 0.000355405686629534
0.00867954026282462 0.0292117999942131 0.907800292206741 0.0543083675362214
0.750333742607106 0.000113034986820374 0.249440109653967 0.000113112752106706
0.275962135756933 0.000112170835316719 0.72381362214925 0.000112071258500402
0.0333485948128056 7.23364750047483e-05 0.96650700367675 7.20650354398299e-05
0.534393419938506 0.000187376733073711 0.464703445128362 0.000715758200057571
0.729047080047032 0.000171981774968631 0.270608943355999 0.000171994822000892
0.675476344835741 0.000224758209458926 0.323448711934951 0.000850185019849262
0.00393621978654648 0.0876711906741387 0.648406576679181 0.259986012860134
0.119970599287659 6.68701519567621e-05 0.879895618252906 6.69123074780302e-05
0.787250785819472 0.000168198491493803 0.212412481535878 0.000168534153155883
0.206189890563783 0.000205583138748992 0.792596541572346 0.00100798472512174
0.469397136472173 0.00019599230434747 0.530211226201489 0.00019564502198971
0.0918304930567578 0.000132362084483222 0.907905052766972 0.000132092091786734
0.340368050157622 0.000122680474622533 0.659372319206635 0.000136950161120482
0.162522191677366 0.000252776600782968 0.836576880317237 0.000648151404614212
0.346557070225789 0.000129716315617475 0.653067958868159 0.000245254590434653
0.225763797921195 0.00876141786909642 0.753873069885741 0.0116017143239677
0.322549735702295 0.000194191620927999 0.674285400723866 0.00297067195291145
0.177266575307156 0.000140222424340081 0.822453023967374 0.000140178301130047
0.301886598324774 0.000189660784867013 0.697734091936353 0.000189648954006007
0.11283893886031 0.000163797388773564 0.88683345688904 0.000163806861875989
0.666555692689954 0.000123876383270447 0.333196314455659 0.000124116471116463
0.175812873140587 0.00029322767873688 0.823393554874372 0.000500344306304329
0.485211401606258 0.000208154238912469 0.51400631655567 0.000574127599159871
0.0172548644307856 7.76323594456427e-05 0.982589863565048 7.76396447204361e-05
0.613946863945818 0.000175638466498681 0.385701265382151 0.000176232205532349
0.469938020413257 0.000112894462490851 0.529836227579146 0.000112857545106213
0.294105360826145 0.000152175455306737 0.705589053621888 0.000153410096660754
0.019322036312191 0.000137331090654133 0.979509069678063 0.00103156291909227
0.119512065520426 0.000101507122661895 0.880284856317737 0.000101571039175755
0.281048377942988 0.000777957562437105 0.717888303731395 0.000285360763180393
0.624716234106356 0.000162081181837333 0.374959706608648 0.000161978103158349
0.749505253482727 0.000125468575439143 0.250244013891074 0.000125264050759021
0.524273912976288 0.000106377601183947 0.475513334769251 0.000106374653276999
0.0100888463514808 8.0440786799432e-05 0.989750271491381 8.04413703389554e-05
0.267235737969571 0.000177426064485497 0.731431775842597 0.00115506012334726
0.802573622042862 0.000153115222691421 0.197120123850171 0.000153138884275825
0.636180727494553 0.000190536035724277 0.363438195359801 0.000190541109921173
0.273251204506892 0.000119918227186251 0.726509904895001 0.000118972370920886
0.180693197207349 0.000165500629624911 0.818975681872136 0.000165620290890425
0.0366941997195669 6.86849704612551e-05 0.963168340865407 6.87744445651696e-05
0.545603108893751 0.000167602171306418 0.453851935655985 0.000377353278957455
0.000657307311718422 0.000551738689615989 0.998642060006872 0.000148893991793175
0.17806793520916 0.000130001599617778 0.821672052095459 0.000130011095763002
0.292226624582039 0.00017204167390276 0.707421070450567 0.000180263293491499
0.0531162996597959 0.000137703780437545 0.946608300811797 0.000137695747969695
0.575265938725738 0.00017300598404508 0.42438806808551 0.0001729872047068
0.03020314761066 0.00026015471513522 0.969210299870331 0.000326397803874082
0.0932988639236431 0.020494776005328 0.866122315464503 0.0200840446065259
0.198326562181516 0.00023124029976535 0.801210962242564 0.000231235276155412
0.598180543471548 0.000146733205178431 0.401525836113617 0.000146887209656527
0.460462362766619 0.000147477367161344 0.539242447801376 0.000147712064843263
0.455964570578446 0.000156345391109726 0.543722738838757 0.00015634519168665
0.00400883957354617 8.22891534770784e-05 0.99582658252551 8.22887474669146e-05
0.000891161287948963 6.62443691790238e-05 0.998331620077866 0.000710974265005987
0.310837531968515 0.000199855924164271 0.688197164083753 0.000765448023567458
0.463823458734047 0.000239168560118771 0.535698452516716 0.000238920189118697
0.0653038035088819 0.000752991604863732 0.933509394408747 0.00043381047750736
0.487590743169337 0.000162735191774776 0.512082421171515 0.000164100467373022
0.0682640732824787 0.000245537510625347 0.930297479258616 0.00119290994827979
0.172769879630556 0.000144799435993717 0.826940575451052 0.000144745482397805
0.874275274728836 0.000130367522642881 0.125413521397023 0.000180836351498167
0.946080496520618 0.000123867119901508 0.0536717611033567 0.000123875256124245
0.233530263017598 0.00352813019630558 0.757223735294959 0.00571787149113817
0.120409413888472 0.000134628052378924 0.87932136836224 0.000134589696908963
0.238851984315601 0.000210236414832478 0.760727571076167 0.00021020819339913
0.266953829464576 0.000224498980623955 0.732597172283024 0.000224499271776052
0.40582958934963 0.000173044667379776 0.5938243002737 0.000173065709289472
0.754625410545577 0.00025501428499953 0.244864590987968 0.000254984181455843
0.252286784337534 0.00066969306186468 0.741386454454734 0.00565706814586808
0.335141361576975 0.000322835773830342 0.661796833619092 0.00273896903010263
0.181730122160038 0.000162309103501591 0.817945351055772 0.000162217680687938
0.40050206081363 0.000116295750366878 0.599265776200508 0.000115867235494667
0.0600163044137357 0.298765185555983 0.388629094698979 0.252589415331302
0.541971928265388 0.000149883317236247 0.457728161635803 0.000150026781573143
0.1544905015789 0.000123955330593828 0.845261509789996 0.000124033300509854
0.129326908555791 0.62122884855847 0.12601775406605 0.123426488819689
0.0122832326668014 0.0172313340458187 0.94488792114398 0.0255975121433998
0.292860290620838 0.00016360769840152 0.706812456681951 0.0001636449988095
0.364358168155853 0.113387939792217 0.447141664908585 0.0751122271433454
0.086019334567577 0.000123851980147612 0.913733009551414 0.0001238039008612
0.342017591670139 0.000153856182829672 0.657674365417651 0.000154186729380614
0.204459281693596 0.000166186932322806 0.795208232771359 0.000166298602722471
0.105664968675078 0.000118481147350479 0.89365659287752 0.000559957300051004
0.229563421342879 0.000105138265913957 0.770226477665962 0.000104962725245783
0.282352851665618 0.00149867816659685 0.705146474181605 0.0110019959861801
0.919486774314863 0.000146888366028144 0.0802200271898058 0.000146310129302993
0.848325062340786 0.000173043872328788 0.151328757852305 0.000173135934579916
0.360288209111032 0.000163366538047004 0.638867767040744 0.000680657310176841
0.668620359829533 0.000191858706427818 0.33099603198935 0.000191749474689614
0.210297135539486 0.0105788214564583 0.737318407447064 0.0418056355569916
0.0168547247971722 0.0609505681090773 0.842835233789205 0.0793594733045458
0.126235460272493 0.000163654516884274 0.873437247904042 0.000163637306580574
0.00872941260516163 9.0418278264717e-05 0.991089732406749 9.04367098245173e-05
0.0154153940633619 0.000108605235900633 0.984191316144077 0.000284684556660131
0.000298156840912504 0.418873220695093 0.0237429421912925 0.557085680272702
0.696922367932125 0.000174336071888533 0.302729009824898 0.0001742861710883
0.000505040654159245 0.555530695238612 0.181255900173499 0.262708363933729
0.58299091916127 0.000178563624438902 0.416652004031626 0.000178513182664703
0.310015107511537 0.000275742867701969 0.687533836371438 0.00217531324932351
0.0947300543560898 0.000242408971024777 0.90478510784923 0.000242428823655023
0.00152754725677889 0.314034210160288 0.00567022017266484 0.678768022410269
0.603580702719078 0.00162042300359493 0.385367928182226 0.00943094609510049
0.493054719352416 0.000207397094336637 0.506204237585929 0.000533645967318516
0.0607857591167157 0.0906878934847495 0.780708472954686 0.0678178744438488
0.26359762047443 0.000198400894799567 0.736005035625853 0.000198943004918015
0.0849381965354764 9.01616503519337e-05 0.914881463663257 9.01781509141562e-05
0.149965047661394 0.000324873953900304 0.849385079480329 0.000324998904377194
0.344158189420951 0.000154591349844981 0.65553266004397 0.000154559185233837
0.00635423897097836 0.454859179146827 0.0398335743967964 0.498953007485398
0.000564788291073364 0.000149095002753905 0.998676549572205 0.000609567133968187
0.656332658838641 0.000162166899693968 0.343343013213733 0.0001621610479324
0.778619116176258 0.00018417844238324 0.221012174145714 0.000184531235645504
0.507288742270059 0.00014816704527017 0.492414900532661 0.000148190152010007
0.134152764173938 0.000181255669935259 0.864567480890981 0.00109849926514599
0.00746253557275832 4.9928617619792e-05 0.992437608170885 4.99276387366007e-05
0.0349804610037321 7.59797903162845e-05 0.963485908116856 0.00145765108909546
0.0282267985243781 0.000186405306185816 0.971170553542457 0.000416242626979075
0.462213614745379 0.00862396557830707 0.513264096967393 0.0158983227089211
0.325946887684433 0.000996504149286106 0.671844661917125 0.00121194624915544
0.103557088804434 6.56442927440174e-05 0.896192619940626 0.000184646962195058
0.0605020283307193 0.0223709596363937 0.910743288283607 0.00638372374928036
0.0512746220872715 0.000138578548759166 0.948448193953386 0.000138605410583365
0.356436042160828 9.88203416945067e-05 0.643366287889608 9.88496078702217e-05
0.642782487953116 0.000175758751992196 0.356866832132023 0.000174921162868419
0.782213257917023 0.000169606143359039 0.217447426586415 0.000169709353202452
0.805921116323442 0.000156955246181441 0.193764692005776 0.000157236424600508
0.10112473269215 0.000204649020279455 0.897072055248843 0.0015985630387277
0.571613866160658 0.00015601278224222 0.428074093682392 0.000156027374708071
0.812779694567851 0.000144818796173671 0.186931350690299 0.000144135945676436
0.30069014186302 0.00016056155411532 0.698988677947682 0.000160618635182708
0.53621718915427 0.000213013936405457 0.463067616314044 0.000502180595280103
0.0899957457302687 0.000103419193102457 0.909599749907385 0.000301085169244248
0.100592740259154 0.000299532366223332 0.898808186641112 0.000299540733510668
0.00114650181062998 8.70527999206919e-05 0.998415173827305 0.000351271562144252
0.439715033618806 0.000267953728214752 0.558714762270223 0.00130225038275641
0.578868353501185 0.000232465027784055 0.420666653091961 0.000232528379069924
0.0358531507582474 0.000128263801388481 0.963759089173167 0.000259496267197283
0.472185533067411 0.000149936996142137 0.527514630656066 0.000149899280380824
0.00032679058872615 0.0641116149252803 0.860554045194051 0.0750075492919428
0.137466921807467 0.000135528362617529 0.862262038412385 0.000135511417531107
0.208400539797383 0.000107165395356506 0.791385125871186 0.000107168936074453
0.576370933990335 0.000274191431349111 0.423080736511681 0.000274138066635678
0.142515474733909 8.06547579483708e-05 0.857323211562807 8.06589453361749e-05
0.316059678960965 0.000110888059211829 0.68371839853099 0.000111034448832819
0.68654030700932 0.000172898696612873 0.313113893813588 0.000172900480479854
0.451148572321412 0.000523585342422004 0.431171722414776 0.117156119921389
0.493034109602155 0.000152007556403481 0.506661853767328 0.000152029074113257
0.0763024767514369 9.87161036620585e-05 0.923500083852743 9.8723292158202e-05
0.502656979657461 0.000114436051067664 0.497114100984904 0.0001144833065671
0.30687672964708 0.000239156198683426 0.692644933786559 0.000239180367677457
0.861840841866973 0.000154994734021716 0.137848341016297 0.00015582238270895
0.0850310127611173 0.00140274256807629 0.911499081101702 0.00206716356910433
0.560648373386014 0.000161974911636316 0.439027590006703 0.000162061695646658
0.191000132485624 0.000159808014466104 0.80850107868988 0.000338980810030159
0.616485287328004 0.000179237513147323 0.383129885472782 0.000205589686066995
0.550593789602474 0.000191934965612576 0.449022252392703 0.000192023039210289
0.841860088616474 0.000107055476558141 0.157925806190408 0.000107049716559937
0.476050259750437 0.000258731436325142 0.523174289470312 0.000516719342925441
0.779504517599825 0.00017066658291689 0.218984921824936 0.00133989399232199
0.413798908820614 0.000196267259171482 0.585807954301224 0.000196869618989606
0.399268629794725 0.000263492868486971 0.599715874856714 0.000752002480073972
0.323442474508276 0.000208880262403856 0.675728097326232 0.00062054790308828
0.0245788158537298 0.000136363248363199 0.975148483302548 0.000136337595358771
0.403782092090292 0.000125067306025753 0.595967784426138 0.000125056177544495
0.0654187790013892 0.000102391489069371 0.934376419393921 0.000102410115620853
0.836231816786624 0.000149748678067185 0.163468708248516 0.000149726286793657
0.772374310688921 0.000119040968985669 0.227387642086633 0.000119006255459768
0.438353273562889 0.000177925260098898 0.561290736918978 0.00017806425803357
0.257013122708097 0.00015312021717178 0.742680564903932 0.000153192170798841
0.128812958419907 0.000206799257620439 0.870773277874976 0.00020696444749631
0.897952546395124 0.000246966725132947 0.101553617390842 0.000246869488901202
0.289301261381844 0.000133480319336496 0.709879962658055 0.000685295640764492
0.58009995144785 0.000152836635722335 0.419593559393705 0.000153652522721976
0.299952819509092 0.000238298701006762 0.697432415077771 0.00237646671213016
0.197570352818997 0.000117643738472943 0.802194406127258 0.000117597315271601
0.0326913557182746 0.700380870070012 0.156226982723533 0.110700791488181
0.554885740234435 0.000150935149284015 0.444812511943847 0.000150812672434472
0.207294339990751 0.000243875314729499 0.791554373700484 0.000907410994035725
0.000883865531127961 8.76997075635264e-05 0.998734601195476 0.000293833565832165
0.421312546296068 0.000120117784138239 0.578446980611475 0.000120355308319119
0.551027221681184 0.000136544626466783 0.448699628096972 0.000136605595377272
0.00908475961836077 0.695392466168745 0.00496069702046069 0.290562077192433
0.722635318191792 0.00012029066934907 0.277124115077353 0.000120276061505152
0.0431727105710931 4.89936924479766e-05 0.956729351164386 4.89445720733708e-05
0.226716519904255 0.000223410889193773 0.772029004269844 0.00103106493670735
0.159801907641426 0.000206464200161864 0.83978516804449 0.000206460113922297
0.0434371958224795 0.000233676372032578 0.955624064376858 0.000705063428629807
0.659982369805083 0.000145580825167996 0.339726401045515 0.000145648324233683
0.400601445851176 0.000204827221481045 0.598990014093265 0.000203712834077754
0.701677905971158 0.000165114050055872 0.297987922199871 0.000169057778915064
0.308941861516568 0.000175034860838319 0.69070812078705 0.000174982835544296
0.673005415517158 0.00013303919035154 0.32672836340006 0.000133181892430418
0.00346820199958333 0.00864352054750498 0.937695163561068 0.0501931138918439
0.412594067724424 0.000237950684780669 0.58510062177485 0.00206735981594537
0.418671331948477 0.000162017375064436 0.581004648621273 0.000162002055185271
0.3838650533391 0.000189002060306718 0.615294102509493 0.000651842091100604
0.362353232061736 0.00011660978468995 0.637413361826764 0.000116796326810057
0.252215383866349 0.000244406127641195 0.747295932438044 0.00024427756796549
0.765085701080758 0.000181876063094615 0.23455050384307 0.000181919013077134
0.151374834479955 0.000245449153676892 0.846510990492699 0.0018687258736688
0.249980022661383 0.000180414815405871 0.749344446570061 0.000495115953150811
0.190717512350316 0.000111504734023854 0.809059648625679 0.000111334289980472
0.544783613308731 0.000211359489652639 0.454793629795933 0.000211397405683334
0.092632658415391 0.00019257215521317 0.906982033533217 0.000192735896178554
0.410178177246799 0.000176884602297157 0.58946806578492 0.000176872365983587
0.054050346333206 0.000138496403635618 0.945268204844644 0.000542952418514751
0.392758588092592 0.00047091525362049 0.600494796259244 0.00627570039454386
0.596068730144215 0.000192839315176428 0.403545461997021 0.000192968543588263
0.743172178576256 0.000174628692418206 0.255589141874943 0.00106405085638194
0.801026852260144 0.000131965709792554 0.198709364040657 0.000131817989406629
0.0262380538386611 0.000174084939299454 0.971961978319146 0.0016258829028938
0.0984841200037638 0.000164795027321882 0.901186316269088 0.000164768699826293
0.58934914455748 0.000148193188631346 0.410355160889891 0.000147501363998381
0.780663680215123 0.000164050015841446 0.219008394140445 0.000163875628590461
0.533499705666102 0.00025131185904854 0.464075076923805 0.00217390555104431
0.138313737671127 0.000141111702030004 0.861404015170788 0.000141135456054663
0.620513621250926 0.00249793797921767 0.368999285418212 0.00798915535164496
0.0678714054613737 0.000185254593115776 0.931757958852959 0.000185381092551589
0.878673823246849 0.000115585902990319 0.121095127427017 0.000115463423144397
0.049167418746125 0.000124905855003728 0.950583800011423 0.000123875387448185
0.719531134286401 9.75650596656466e-05 0.280274250885004 9.70497689290653e-05
0.0330152604948223 0.000672867931989062 0.963469022277447 0.002842849295742
0.0679555725579671 9.78915708881774e-05 0.93156357743379 0.000382958437354696
0.627466244944229 0.000144564379236794 0.372244545378225 0.000144645298309652
0.273688654805439 0.000172109307277719 0.725967705956941 0.000171529930343123
0.558564273741607 0.000344871178104093 0.434751387117214 0.00633946796307491
0.01988597114166 0.370576999004906 0.341447015430576 0.268090014422858
0.355946937511414 0.000140215637322991 0.643772549168995 0.000140297682268186
0.250104339416079 0.000158602542051399 0.749578474830205 0.000158583211664602
0.616455092100146 0.000178268477412691 0.383188198194605 0.000178441227835628
0.0689421985997682 0.000109112214149922 0.930839471065448 0.000109218120634299
0.041956351846687 7.58447900324504e-05 0.957891748940034 7.60544232461139e-05
0.675866548330907 0.000221743696400888 0.323690923020572 0.000220784952119758
0.346043273799501 0.000176552563364428 0.653603945963359 0.000176227673776507
0.0462849697404909 0.000618269278076128 0.951135931626063 0.00196082935536973
0.38144228018995 0.000193186958558086 0.61816931996792 0.00019521288357183
0.803206631463522 0.000178821625039841 0.196436320359817 0.000178226551620868
0.492962601144729 0.000246140024304833 0.506157603323611 0.000633655507355755
0.408169982466332 0.00139704883603035 0.58852197899877 0.00191098969886848
0.0590816173127451 0.000114132596432786 0.940525148156072 0.000279101934750044
0.661701686537376 0.00012937406551083 0.33803959281573 0.00012934658138292
0.0662728011591839 0.415927374986255 0.155908143294299 0.361891680560262
0.0130462503260762 0.295861543055156 0.324257386480354 0.366834820138414
0.186708148991474 0.00013661377742876 0.813018746244962 0.000136490986135277
0.919683065329802 0.000115148003117212 0.0800866212694118 0.000115165397669232
0.819465223455232 0.000123860409290407 0.180287095097148 0.000123821038329364
0.00402079452464509 8.02032737800149e-05 0.995536363239736 0.000362638961838545
0.222917268021507 0.000184764206935154 0.775910926503095 0.000987041268462425
0.0758309349702851 0.0372110650505135 0.80713915194511 0.0798188480340914
0.0449412848608414 9.14898579964726e-05 0.954875727507517 9.14977736446804e-05
0.00349456077257725 6.48214942278428e-05 0.996375796040346 6.48216928485131e-05
0.311676895702417 0.000182313425238297 0.68795647234727 0.000184318525074579
0.705523398510046 0.000137183189259714 0.294202114899013 0.000137303401681267
0.710762812422148 0.000113814480145732 0.289009739695169 0.000113633402538112
0.57340399069484 0.000219730701468741 0.425879322743 0.000496955860691417
0.00411454008730525 0.000169838000096859 0.995565908720945 0.000149713191653075
0.28577647253285 8.23482613146823e-05 0.714058859102738 8.23201030977645e-05
0.284880006594782 0.000144076766118336 0.714832014227412 0.000143902411687784
0.381785003913005 0.000205346651561557 0.617663462773806 0.00034618666162755
0.270521534890804 0.000259473192736277 0.728814846844313 0.000404145072146915
0.00197290065802911 0.413263551857862 0.0334761627272865 0.551287384756823
0.348252728521226 0.000117456494080738 0.651512417241567 0.000117397743126275
0.00376524150397096 0.0292141719410485 0.93662270637948 0.0303978801755007
0.794012227356528 0.000130776381949069 0.205726424036871 0.000130572224652205
0.419660465551302 0.000157384437224702 0.580024562906412 0.000157587105060669
0.411125409168901 0.000122761039292728 0.588629148428082 0.000122681363724605
0.564701205054836 0.000169471235073691 0.434452831309077 0.000676492401014166
0.866950949131104 0.000149958193308895 0.132749265588012 0.000149827087574668
0.203890727552992 0.000134761029497126 0.795839907396259 0.000134604021252241
0.631285536772137 0.000157249708191557 0.368399820961231 0.000157392558440895
0.237353612129826 0.000122713377360735 0.762400936445891 0.000122738046922199
0.920690591250538 0.000116935394294528 0.0790756837260589 0.000116789629108203
0.0918223197360955 0.324055806340705 0.275366798738562 0.308755075184638
0.126789977463795 0.00128688822762439 0.870764644466566 0.00115848984201442
0.268568780289504 0.000182311564158878 0.73106679986761 0.00018210827872675
0.524401984262407 0.0001450751424751 0.475307862684156 0.000145077910961486
0.00400097855230288 5.77471543929699e-05 0.995860034461435 8.12398318686719e-05
0.90708810569481 7.77067342058456e-05 0.0924710397065996 0.00036314786438452
0.832092840529824 0.000126460734614633 0.167654045717601 0.000126653017959968
0.00504131892974034 0.000128370384904691 0.99451227955573 0.000318031129625158
0.786646340027172 0.000132397629392014 0.213088778673014 0.00013248367042173
0.777563456572594 0.00015337138654311 0.222129336901672 0.000153835139191129
0.292622755760295 0.000227157324914951 0.706744616206138 0.000405470708652223
0.131139425692983 0.000127098942328759 0.868606315167444 0.000127160197244034
0.195509673360352 0.00159622184733879 0.770237622589276 0.0326564822030324
0.0516813336962032 6.57969868475524e-05 0.948090534851354 0.000162334465595103
0.86797383639432 0.000107821693700515 0.131810430984934 0.000107910927045583
0.922035965833496 0.000128114416618133 0.0777078843386842 0.000128035411201693
0.3532537240346 0.000258329109745903 0.643764015317146 0.00272393153850766
0.501387459847731 0.000173235578600667 0.498266088600017 0.000173215973651109
0.360567997386502 0.000122151065098436 0.639187781711435 0.000122069836965024
0.488920054700766 0.00439975882920757 0.492586877058165 0.014093309411861
0.062572939839058 0.000117134765159143 0.937165708007951 0.000144217387831831
0.303727693904966 0.000139679383562403 0.69599294956951 0.000139677141961839
0.707996130839308 0.000146037212848206 0.291711714238027 0.000146117709816868
0.455453331407334 0.000159586956916587 0.544227510742726 0.000159570893023625
0.19162564303077 0.116872377986314 0.512286926608961 0.179215052373954
0.331231340081541 0.000173536778363693 0.668313366537579 0.000281756602516497
0.307372317751407 0.00020233550075021 0.692223109817541 0.000202236930301831
0.0710888767192001 0.00186759580393616 0.925784168238686 0.00125935923817799
0.744737998554997 0.000184660578131376 0.25489260462179 0.000184736245081449
0.377891966698695 0.026023195705664 0.521415524925902 0.0746693126697391
0.312656611382764 0.00018638220672098 0.686970691922423 0.000186314488092461
0.629406785997945 0.000149272544834089 0.370295712383309 0.000148229073912012
0.0756155289769205 0.000106510361513049 0.924170753633131 0.000107207028435494
0.0270229481418969 0.000434740365064257 0.970563255538768 0.00197905595427083
0.146405689468415 0.000167227323247907 0.85325992490558 0.00016715830275761
0.0546633901655192 0.000144237028010471 0.945048120970539 0.000144251835930777
0.20053630279128 0.000241931822379302 0.798623716477544 0.000598048908795843
0.905047852040573 0.000138131436917579 0.0946758492567851 0.000138167265724815
0.171206982214128 0.000140965876422637 0.827624340391885 0.00102771151756406
0.00361623283357845 0.750150639977147 0.0265651643893918 0.219667962799883
0.0355369505670783 0.000190662560877179 0.964110306877393 0.00016207999465152
0.491913751677962 0.000331175016657554 0.507421999967807 0.000333073337573331
0.351533240825421 0.000143502101224519 0.64817971780695 0.000143539266404341
0.5000181953649 0.00012561959188247 0.499730707720378 0.000125477322840095
0.00665295972006723 0.678536928957937 0.0279299781377389 0.286880133184257
0.435623983427784 0.000187281334642258 0.562783827349868 0.00140490788770553
0.269841697186666 9.11536125195815e-05 0.729975893331305 9.12558695094447e-05
0.348505238669331 0.000136541550508918 0.651222076175176 0.000136143604983653
0.766068078472945 0.000163739877379218 0.233604431667524 0.000163749982151353
0.333245863926408 0.000168331114210848 0.666417478754758 0.000168326204622724
0.017029143033696 0.000235038864087509 0.982665695724104 7.01223781121061e-05
0.380540390324712 0.0003058440970742 0.618847609427326 0.000306156150888391
0.218415508511727 0.000165857901773402 0.781252688094468 0.000165945492031881
0.12117444387253 0.404556442325275 0.188773916885513 0.285495196916682
0.346468720221133 0.000134252906526341 0.65300712380324 0.00038990306910162
0.777200205241683 0.00017254777512253 0.22245492842569 0.000172318557504458
0.113094166820328 0.000179082907312534 0.886547313303614 0.000179436968744963
0.32709994667823 0.000204268718161412 0.671995868417907 0.000699916185702268
0.786606979334682 0.000303488668070805 0.201834969568877 0.0112545624283702
0.258694533208189 0.000232840574618174 0.740839711845166 0.000232914372026052
0.0539819265677585 9.43766941900072e-05 0.945829335691106 9.43610469452638e-05
0.0359021999494688 0.505447518796254 0.114821982267881 0.343828298986396
0.297992171671257 0.000180795764073802 0.701646232786092 0.000180799778577265
0.136674417733413 0.000200544580159353 0.862458691334082 0.000666346352345101
0.288814132066505 0.000150739432653631 0.710884525295411 0.000150603205430383
0.215987495417559 0.000155905800715967 0.783701630271639 0.000154968510086661
0.333780206287029 0.000259889667871016 0.665699897143639 0.000260006901461761
0.548019447023303 0.000185333528258697 0.451609889496988 0.000185329951450433
0.238626645979192 0.000127925212885946 0.761117632317274 0.00012779649064814
0.057093870449667 0.000123832101979095 0.942088127008961 0.000694170439392492
0.0953890619371685 0.000156027598230023 0.904298882765987 0.000156027698614416
0.665792212011045 0.000128043311817893 0.333951568885176 0.000128175791961061
0.71754849207484 0.000118154471872779 0.282215165434669 0.00011818801861793
0.502570624748773 0.000364103358176373 0.496539852900859 0.000525418992191371
0.144522996907418 0.000342395480793037 0.853051671931451 0.00208293568033783
0.0835354881370755 0.0008969315293847 0.914670535158087 0.000897045175452882
0.602729089422567 0.000258817841057278 0.39521747707501 0.00179461566136621
0.127286261750291 0.00112204241707531 0.870738077199986 0.000853618632647312
0.907074537423298 0.000192623092754181 0.0920712208954349 0.000661618588512856
0.00349221633552856 0.000372991026287723 0.992214226887423 0.00392056575076053
0.719893977859511 0.000152450393500154 0.279801140136984 0.0001524316100051
0.525837548540542 0.000150176288382344 0.473862392832072 0.000149882339003318
0.618508418711415 0.000210783708964088 0.381070013940089 0.000210783639531146
0.37360215329539 0.000238071943144996 0.625413120873707 0.000746653887757175
0.887774523654114 0.000112663699216784 0.111507305147412 0.000605507499257631
0.0409836302436117 0.000202762550173407 0.958606414878535 0.00020719232768023
0.752038110992773 0.000151107702339206 0.247659900325248 0.000150880979639745
0.0126649036860432 0.0442962370631664 0.807168697960389 0.135870161290402
0.0852830339916427 0.000117234172599293 0.912843709056853 0.00175602277890527
0.446531352676358 0.000285773287906335 0.552894496891695 0.00028837714404036
0.489250352115854 0.000143233785517303 0.510463160142421 0.000143253956206753
0.440825745904021 0.000236800674876276 0.556820818485709 0.00211663493539367
0.904243471226257 0.000117953811458774 0.0955206486025765 0.000117926359707405
0.000799041655641837 0.171709945726614 0.596484119074197 0.231006893543548
0.447270436549895 0.000267908302368294 0.552135596455052 0.000326058692684683
0.838452048684666 0.000138434440872307 0.161271108383212 0.000138408491249597
0.303380738795941 0.00433573596537715 0.681471311188567 0.0108122140501147
0.0905805194355355 0.000174548665688375 0.909070387358336 0.000174544540439878
0.124220659091414 0.147306040678108 0.662708712888001 0.0657645873424776
0.0118728765039182 7.88959200264525e-05 0.987969336721483 7.88908545728119e-05
0.588249097110242 0.0001815801008311 0.411387302313372 0.000182020475555501
0.391419431164981 0.000163993727412023 0.608252580761471 0.000163994346136206
0.00357330462739044 0.000719617938778206 0.994993051512727 0.000714025921104004
0.421903431604308 0.000161119628083992 0.577774183125599 0.00016126564200959
0.000122678433021501 0.00423924495392064 0.990007603025157 0.00563047358790091
0.17366055093852 0.000198189344188363 0.825943106335594 0.00019815338169769
0.254206413613576 0.000137038355015416 0.745519616064452 0.000136931966957382
0.63491771804423 0.000181364495654909 0.364719695167492 0.000181222292623137
0.00249272431043461 4.78358072545287e-05 0.997377255251577 8.21846307335474e-05
0.303057427678035 0.000366516527158983 0.690837934696036 0.00573812109877003
0.170423273620991 0.000191145499886422 0.829194236035301 0.000191344843821815
0.000704915463713948 0.492270855058859 0.00461151982908088 0.502412709648346
0.611352164414159 0.000267738684654993 0.387209336719998 0.00117076018118829
0.198927142450596 0.000127981032482776 0.800192119327742 0.000752757189179094
0.00985519894582383 0.0290705655815986 0.933208986332268 0.0278652491403095
0.0511013408124349 0.000198552380892513 0.947757697082078 0.000942409724594998
0.301931779408368 0.000168887120677906 0.697730433932286 0.000168899538668151
0.253817841985404 0.00016271605310782 0.745088513669056 0.000930928292432529
0.031004842889885 0.00022127053171194 0.96865270843588 0.000121178142523188
0.00225787458917632 0.000125729988479725 0.994433447663405 0.00318294775893849
0.950603560661639 9.58735867080757e-05 0.0492048727343862 9.56930172668437e-05
0.00195327689869519 7.8781900294649e-05 0.997036726942923 0.000931214258087502
0.110240920336231 0.000122806827197729 0.88951345050053 0.000122822336041041
0.524381621018374 0.000163102237869917 0.475292099049973 0.000163177693782721
0.70087608882062 0.000252841941104565 0.29606538058438 0.00280568865389445
0.438991358068528 0.000137173295288152 0.56073392009863 0.000137548537553576
0.0941785453556725 0.000164085677406271 0.904527161347951 0.00113020761897
0.453429426545459 0.000163209697542552 0.546244047013462 0.000163316743536245
0.318191851581748 0.000159309777017442 0.68148953710893 0.000159301532304347
0.168463157463641 0.000215198336298054 0.831106459823421 0.000215184376639121
0.251361810219531 0.000144584259890888 0.748348983945296 0.000144621575281713
0.405275249103187 0.000187948571539772 0.594349187396437 0.000187614928836576
0.603821419898006 0.000178633871712664 0.395821418362768 0.000178527867513723
0.0515924388518855 0.000750453801310269 0.946057708164037 0.00159939918276759
0.237620757702316 0.00038435886219773 0.758384388542668 0.00361049489281874
0.272803337570932 0.00012636950654211 0.72694377523545 0.000126517687076005
0.349643901012253 0.000145984542850373 0.649882743929075 0.000327370515821624
0.630720927648217 0.000186197840028749 0.368906833426214 0.000186041085539957
0.529757419626814 0.00019347814214037 0.46985552327448 0.000193578956565355
0.0591581991323012 0.000507038604687334 0.939483565850895 0.00085119641211695
0.0287772135659414 0.000181970378537225 0.964458129542592 0.00658268651292916
0.130098824664846 0.0800997434959084 0.788962804719558 0.000838627119687657
0.394132607265348 0.000191851604438314 0.604898238219014 0.000777302911200528
0.335851781130876 0.000232235715110671 0.663683680112473 0.000232303041539879
0.695060608279838 0.0001785799561673 0.304582642411475 0.000178169352520111
0.662215741699052 0.00018664329691368 0.337289742366674 0.000307872637359848
0.0128988746573948 5.82454786235347e-05 0.986984628118415 5.82517455670156e-05
0.0862457371876479 0.000406987106899461 0.912306021594061 0.00104125411139142
0.0538613490826983 0.206803999849128 0.427651877462811 0.311682773605363
0.922994649752043 0.000110500728390118 0.0762193655475402 0.00067548397202696
0.0886283186135224 5.38512026918571e-05 0.911264059491042 5.37706927437007e-05
0.0398279367021562 8.89201855929258e-05 0.959997766268268 8.53768439831127e-05
0.853653366404422 0.000170777792723206 0.145244700276755 0.000931155526099783
0.207599035167292 0.000190077350509078 0.792020893627659 0.000189993854539235
0.0801396552753079 0.000143105786035594 0.91957415631871 0.000143082619946445
0.109893075632919 0.00545729335425628 0.860869509457833 0.023780121554991
0.111098350173826 0.000161474836416504 0.888117506769877 0.000622668219880774
0.32203322058719 0.000177489284282149 0.677474641885023 0.000314648243504666
0.844654506924976 0.000136720387629003 0.155072205340914 0.000136567346481257
0.0743284719062864 0.0211536482006713 0.839375297730229 0.0651425821628134
0.491049941972804 0.000177416962031068 0.508595639355438 0.000177001709727684
0.771002153121311 0.0001257499364211 0.228746351018012 0.000125745924255263
0.153250873040334 0.00011285516132959 0.846523480390662 0.000112791407674278
0.422129536182915 0.000181466726895155 0.577507521752837 0.00018147533735213
0.233947548336544 0.000284616927432504 0.765483192890344 0.000284641845679752
0.724822357311465 0.000172354317290674 0.274833110075167 0.000172178296077404
0.063288820435359 7.25863875098022e-05 0.936565980800967 7.26123761642586e-05
0.305795869979762 0.00146586052852538 0.687498566635515 0.00523970285619723
0.30378157612365 0.0001709342470355 0.695876443675898 0.000171045953415739
0.432320501576891 0.000137030110096581 0.567403942314816 0.000138525998196333
0.155826334412134 0.000183312519994232 0.843468543329163 0.00052180973870884
0.0910966173892992 0.0114439599145298 0.887998051398083 0.00946137129808832
0.300222660209294 0.000119372009930088 0.699538420904064 0.000119546876711957
0.105072898971131 0.000175656294412734 0.893208999352883 0.00154244538157309
0.298559042375712 0.000207863073187152 0.700903355369677 0.000329739181424272
0.581789373671529 0.000255806878468129 0.416566052761853 0.00138876668815009
0.0224732246586875 0.424705608033779 0.0429098881986787 0.509911279108855
0.0827730635331963 0.0132983330193454 0.902432023542892 0.00149657990456666
0.31122983293087 0.000212295893999776 0.688018722372179 0.00053914880295141
0.102916120115642 0.000115993683066371 0.896851911114496 0.000115975086796259
0.00333010192261742 0.0838673600418135 0.787743001167751 0.125059536867818
0.708299612384196 0.000166191712916008 0.291365517161872 0.000168678741016715
0.12741438504098 0.000124059749277172 0.872337503707981 0.000124051501761205
0.28401565168782 0.000266303729805007 0.715451701662714 0.000266342919660842
0.00406146395019354 7.94338516414427e-05 0.995343220162825 0.000515882035339774
0.100198504258125 0.000279797235039232 0.898384466890777 0.0011372316160585
0.232589315840118 0.00016599269824087 0.76664153874337 0.000603152718270868
0.00768014801856847 5.74301994330511e-05 0.991928076034493 0.000334345747505517
0.159204377839561 0.000297047832216668 0.840201426253576 0.000297148074646142
0.392303437509991 0.000156585428235466 0.607382906507223 0.000157070554550463
0.625966745719885 0.000183563341459336 0.373666004984376 0.000183685954279557
0.256153271909688 0.000133773751296943 0.743580627287744 0.000132327051270725
0.295682279861574 0.000148823537347211 0.703793703940391 0.000375192660688118
0.227954449888328 0.000112738425415423 0.771820027844297 0.000112783841959004
0.237610285567412 0.000177116117134401 0.761737390886227 0.000475207429227334
0.44202405108693 9.52816133800269e-05 0.557785532599589 9.51347001007493e-05
0.481732277898018 0.000257401676412873 0.517753083468314 0.000257236957255797
0.322341543087 0.000163774222970308 0.676793804445851 0.000700878244178803
0.498704786835275 0.010058490112584 0.41399634426136 0.0772403787907807
0.401839860345936 0.000187302690366366 0.597785597411138 0.000187239552559606
0.226806255742194 0.000114841240739771 0.772964269068323 0.000114633948742769
0.00268776906447438 3.64530646830964e-05 0.997239274171966 3.65036988766614e-05
0.00295711226152882 5.73818938947116e-05 0.996928125057034 5.73807875420553e-05
0.0107897553409824 0.0199276956792781 0.945663805355356 0.0236187436243831
0.0586299965808005 0.00129639825186723 0.92743278351241 0.0126408216549225
0.182074978737959 0.0062442951784967 0.800908272695258 0.010772453388287
0.3272869945825 0.002009454910067 0.666775724870799 0.00392782563663341
0.790428320195743 0.000138203707343488 0.209295354950506 0.000138121146407187
0.368912867003691 0.00220785995715978 0.627931606173254 0.00094766686589479
0.0299446541248039 0.00013404487164053 0.969787051831966 0.000134249171589072
0.0622206465684693 0.000124813904709451 0.937529767475777 0.000124772051044732
0.00784503061067009 0.396502013450359 0.0184176011152311 0.57723535482374
0.000813632880409848 4.36371823474306e-05 0.999099082909243 4.36470279998392e-05
0.00575278629477137 0.60963623145516 0.0237297032446326 0.360881279005436
0.83475351091255 0.000157477160352345 0.164931284498545 0.000157727428552361
0.0368978570458615 5.00194077219861e-05 0.962907495531244 0.000144628015172642
0.212249152032725 0.000167625342506651 0.787415715800849 0.000167506823919303
0.118732510607218 0.00016856422597296 0.880930451517367 0.00016847364944193
0.648273056233828 0.000202364605959491 0.351322327190514 0.00020225196969788
0.116115373393641 0.000726927829108149 0.882954586113551 0.000203112663699478
0.348168814911537 0.000138675749354356 0.651554166563216 0.000138342775892721
0.0437481331996886 0.000109191686392866 0.956033489758784 0.000109185355134767
0.00959080814020564 0.000159678716255215 0.989702829215505 0.00054668392803388
0.373440837776639 0.000184602998634089 0.625845568380263 0.000528990844463633
0.00228927627789565 0.000564018088096827 0.995657055718481 0.00148964991552648
0.279791975843457 0.00138988078454938 0.712348583630086 0.00646955974190711
0.509327522016269 0.000195118066508131 0.489579668897716 0.000897691019507446
0.0271004392793667 0.302953884814952 0.35135598407174 0.318589691833941
0.90364324715816 0.000117977578135929 0.0961203652209309 0.000118410042773575
0.495344042865305 0.000157872200358821 0.504340492634479 0.000157592299856653
0.518693122462213 0.000204391293925441 0.480411133832312 0.000691352411549059
0.157059630638153 0.000125491983435137 0.842689557303833 0.000125320074579313
0.144517324428126 0.000161421512151372 0.854994069626806 0.000327184432916815
0.215318135696012 0.000326914771043588 0.758256301540198 0.0260986479927465
0.3266734012675 0.00151015053953829 0.670872095349955 0.000944352843006555
0.188814278742843 0.00316371289650594 0.804189547138831 0.00383246122182041
