0.920871107822782 0.000112485718280749 0.0789038546667512 0.000112551792186031
0.275979210023929 0.000227090743271098 0.723076395149058 0.000717304083742119
0.576708314970532 0.000189771929037177 0.422912164586353 0.00018974851407762
0.733088514362659 0.000126154702065381 0.266659113277077 0.00012621765819876
0.189969757090688 0.000128195329739913 0.809773745550137 0.000128302029434354
0.847245408945547 0.000128723749717593 0.152497143784847 0.000128723519887616
0.511056375954821 0.000107714675681813 0.488727579381719 0.000108329987778127
0.697504165070014 0.000174558612782269 0.302146756088596 0.000174520228607633
0.852355222915649 0.000115914969885371 0.147412915520827 0.000115946593638452
0.656849768531133 0.00016089522565956 0.342828620638131 0.000160715605076262
0.96438677487738 7.32365203441606e-05 0.0354667310003416 7.32576019337041e-05
0.482801989876236 0.000157997972679377 0.516882006746234 0.000158005404850539
0.879188395155854 0.000192344671756769 0.12042617290635 0.000193087266038885
0.980736131779316 8.81158490058567e-05 0.0190877036613047 8.80487103738535e-05
0.424828612481759 0.000249780896115484 0.574671830685815 0.000249775936310269
0.912940123905408 0.000126649877303906 0.0868065836495009 0.000126642567786977
0.591929060523716 0.000173075284005714 0.407724916511204 0.000172947681074824
0.572225955077915 0.000194983275154763 0.427384461939082 0.000194599707848873
0.661613201519058 0.000131525988322063 0.338123641826541 0.000131630666078794
0.950920104084074 9.42335790229872e-05 0.0488914775704864 9.41847664163271e-05
0.521700497337445 0.000187041968954775 0.477927618171689 0.000184842521911036
0.00631157245232612 4.39690463235592e-05 0.993600487310185 4.39711911655164e-05
0.762580615576506 0.000151548647404348 0.237116296738409 0.000151539037680316
0.91717080659455 0.000143678153550293 0.0825419230439446 0.000143592207955072
0.948946075086448 0.000119511746423012 0.0508153482669116 0.0001190649002176
0.646066564157642 0.000196160578850281 0.353540878703139 0.000196396560368237
0.841022287077045 9.41314610793718e-05 0.158789292577247 9.42888846283185e-05
0.267131641703181 0.000203895142189417 0.732460840844876 0.000203622309753994
0.958013254349347 0.000135471791042811 0.0417158220394458 0.000135451820164752
0.968365028776193 9.19643978264982e-05 0.0314511529144726 9.1853911507773e-05
0.7275252928856 0.000131547491844813 0.272211550153898 0.000131609468657166
0.974271205425989 9.14794975416202e-05 0.0255458476416036 9.14674348653008e-05
0.947550935651273 0.000108298185608361 0.0522324479972929 0.000108318165825925
0.936415493183587 0.000160755503409746 0.0632630316557846 0.000160719657218728
0.404183654059933 0.000198533967312797 0.595419277752625 0.000198534220129005
0.881230017731991 8.14214035061529e-05 0.118607178209372 8.13826551309915e-05
0.848256063738962 0.000163629109090386 0.151416515213094 0.000163791938853255
0.463679654733965 0.000179346657025266 0.535961720834084 0.000179277774925077
0.976075438234606 8.53389133608075e-05 0.0237538832624725 8.53395895602866e-05
0.845118688052477 0.00015105012804428 0.154579135753856 0.000151126065622122
0.983465549683867 8.3692722509121e-05 0.0163670893789977 8.36682146263452e-05
0.755909633382961 9.85980497796266e-05 0.243892749417253 9.90191500065567e-05
0.678750112401422 0.000122618291597936 0.321004791295788 0.000122478011191873
0.498392626201592 0.000183133347082692 0.501241583521571 0.000182656929754254
0.805540350206738 0.00010866227132149 0.194242354956041 0.00010863256589904
0.557754435812275 0.000184430286475448 0.441876734147567 0.000184399753682601
0.536452801657742 0.000153346757697237 0.46324052164878 0.000153329935781525
0.894332993945263 0.000124413350595304 0.105418180109936 0.00012441259420553
0.766920482270326 0.000160078803452883 0.232759623873056 0.000159815053164866
0.640886744647765 0.000127817466266065 0.358857399159877 0.000128038726091902
0.809436509811583 0.000131740568305232 0.19029999401685 0.000131755603262258
0.978250046539663 3.15237006482271e-05 0.0216869392960263 3.14904636622517e-05
0.933708292990373 0.000103898439109995 0.0660838681286289 0.000103940441888537
0.875173333518475 0.000127751508720747 0.124571170567534 0.000127744405270251
0.667738056505702 0.000236957199257395 0.331787835884373 0.000237150410667178
0.85685280766289 0.000102226060130178 0.142942748840512 0.000102217436467353
0.847772265825228 0.000133212956953396 0.151961269058144 0.000133252159674598
0.870663467599654 6.30805997899689e-05 0.129210404127947 6.30476726090843e-05
0.841503207771541 0.000103201416153915 0.158290022918691 0.000103567893613826
0.136257880738228 0.000410420615041129 0.862921191395809 0.000410507250921518
0.721972525819779 0.000139530237949149 0.277750830008276 0.000137113933995149
0.629157102215112 0.00017604316668063 0.3704908989825 0.000175955635707348
0.60353283341907 0.000224595672225233 0.396017768854256 0.000224802054448724
0.742394878351701 0.000171976952174317 0.257261318931098 0.000171825765025823
0.87910689884197 0.000176394877785547 0.120540651779707 0.000176054500536826
0.595040900289736 0.00020666268041705 0.404546452045431 0.000205984984416591
0.930079083965197 0.000179468401037773 0.0688835167379529 0.000857930895812435
0.393678969524275 0.000203077499995814 0.605914526815518 0.000203426160211116
0.57701840236977 0.000178211335830665 0.422625173297957 0.000178212996442576
0.562779443955261 0.000150305611402995 0.436919492874251 0.000150757559084673
0.438974978380201 0.000176886736336922 0.560670815434434 0.00017731944902778
0.180364944310764 0.000343053655494898 0.81894887425038 0.000343127783361461
0.506963070849557 0.000231249513659217 0.492574219616998 0.000231460019785839
0.0377493073240073 0.000128336394460009 0.961994021867964 0.000128334413568903
0.739892743040676 0.000287128440111207 0.259532519258758 0.000287609260454346
0.75833332781917 0.000226219612431261 0.241214150659683 0.000226301908716412
0.299646679649592 0.000301696604783011 0.699169118413974 0.000882505331650417
0.892518141115669 0.000118701610070283 0.107244641355634 0.00011851591862628
0.35934427605262 0.000226923455321943 0.640201859815254 0.000226940676804152
0.918508438623575 0.000114003319336363 0.0812634563932351 0.000114101663853201
0.706128585595096 0.000145535893746856 0.293580527537191 0.000145350973966375
0.279740931072246 0.000382359366387311 0.719494322252722 0.000382387308644902
0.50023609231423 0.000166143003153477 0.499431611407322 0.000166153275294031
0.930311850616099 0.000140111113031709 0.0694081431346755 0.000139895136193821
0.487116224605678 0.000205713144030654 0.512469796308857 0.000208265941434051
0.86735517551123 0.000142227621580023 0.132360366748946 0.000142230118243958
0.644822783004075 0.000197070228379808 0.354782100643217 0.000198046124327897
0.767988879791518 0.000165079020262355 0.231676337655318 0.000169703532901951
0.454413068632543 0.00015182321423112 0.545283531704809 0.00015157644841685
0.845781054730731 0.000125153997641941 0.153968504400192 0.00012528687143534
0.376388767612553 0.00017549191700654 0.623260086960107 0.00017565351033316
0.412321432569486 0.000238420654849797 0.586891751422109 0.000548395353555415
0.979940839250701 0.000103375558915462 0.0198524353945741 0.000103349795809648
0.892378312165078 7.44442279545307e-05 0.107473066305947 7.41773010196413e-05
0.443195595212203 0.000170777524759072 0.556463029157817 0.000170598105220997
0.84186942470571 0.00016214500982179 0.157806311926788 0.000162118357680195
0.806937137974551 0.000340070655984418 0.192382701234614 0.000340090134850156
0.548972384602699 0.000211050337216608 0.450605836198762 0.000210728861322562
0.228120307429085 0.000201663306807681 0.771476519082004 0.000201510182103188
0.572771788332889 0.000207138499980675 0.426814361004498 0.000206712162632594
0.480587454248722 0.000154222139292154 0.51910390957584 0.000154414036146278
0.239436125086865 0.000102080678300735 0.760359992593304 0.000101801641530249
0.875041423264539 8.7758606057681e-05 0.124783053582965 8.77645464375597e-05
0.397712709462016 0.000179393741826494 0.601928557039148 0.00017933975700943
0.611548920034076 0.000179596269430265 0.388091518066514 0.000179965629979387
0.742416986037028 0.000211994798720383 0.257159065280466 0.000211953883785614
0.700542356748278 0.000130942217899269 0.29919576211022 0.000130938923602928
0.123692415874021 0.000113247957802419 0.876081081578742 0.000113254589434886
0.592704179026101 0.000176302268064692 0.406942749494168 0.000176769211666524
0.935334252607811 9.37947106309803e-05 0.0644781651504964 9.37875310615188e-05
0.723428175523719 0.000186436053146475 0.276198810848122 0.000186577575012821
0.510257080018648 0.000173673159166388 0.489395575464647 0.000173671357539413
0.842198349365845 0.000131404316068545 0.157538965411704 0.000131280906382855
0.926616084859223 0.00010482051902765 0.0731743374147766 0.000104757206972401
0.849056571490243 0.000154000054265531 0.150635308969479 0.000154119486012452
0.415026778862014 0.000166217010819003 0.58464069142219 0.000166312704976721
0.142016874098755 8.91259971992248e-05 0.857804792470802 8.92074332437365e-05
0.493559183239562 0.000151745008334975 0.506137333629278 0.000151738122825899
0.303327727401448 0.000220332789087933 0.695720079554505 0.00073186025495905
0.749336752313877 0.000143130642444988 0.250042329373195 0.000477787670483553
0.685951510789343 0.00010314432884052 0.313842246929153 0.000103097952663821
0.344033462340557 0.000101236915731846 0.655763548069738 0.000101752673972792
0.861572249687027 0.00013793363235102 0.138151984738727 0.000137831941895607
0.38832721502126 0.000191266533396589 0.61129032772922 0.000191190716123828
0.607829612857865 0.000161346243730428 0.391847931417201 0.000161109481203105
0.839197501082537 0.000142973098785246 0.160516206001642 0.000143319817035118
0.751604121640682 0.0003573473678997 0.247681208100773 0.000357322890645221
0.776492516016263 0.000196738730664076 0.223113755350394 0.000196989902679652
0.661511500267905 0.000169123086624718 0.338150289172776 0.000169087472694837
0.7630520304513 0.000166150872602355 0.236615655902732 0.000166162773365376
0.303267370553282 0.000135300030214633 0.696461908761467 0.000135420655035868
0.100814063518003 0.000114376840886586 0.898957408914397 0.000114150726713712
0.767308589794119 0.000125824911339756 0.232439483053735 0.000126102240805317
0.662984545072001 0.000149225471015001 0.336716933270352 0.000149296186631829
0.770412710069146 0.000144026560627716 0.229298984393267 0.000144278976958934
0.355535878765347 0.000135128512028904 0.644193948299082 0.000135044423541859
0.448618171336592 0.000242053057187407 0.549505434085855 0.00163434152036527
0.833731093895586 9.50466653377039e-05 0.166078809822677 9.50496163995263e-05
0.615024054995376 0.000197233663766579 0.384581093335713 0.000197618005144304
0.73759915623821 0.000163051971406975 0.26207476360157 0.000163028188813424
0.643318217909293 0.00010737863315641 0.356467208484828 0.000107194972722458
0.386742693528852 0.000376032172946905 0.612505237707147 0.000376036591054216
0.161521972615109 0.000239283358544223 0.837999646269254 0.000239097757091903
0.29295051501694 0.000200950674895651 0.706647593983722 0.000200940324442427
0.279800355739089 0.000103989136719803 0.719991674901892 0.000103980222299432
0.7765887777327 0.000125975206598427 0.223159372178985 0.000125874881716289
0.849047648029356 0.000139940779837412 0.150672451199925 0.000139959990882156
0.271413419375882 0.000371062916085489 0.727257787556796 0.000957730151236817
0.876678052331607 0.000139081533607051 0.123043777072462 0.00013908906232334
0.931884592451075 8.91161550013677e-05 0.0679372019086895 8.90894852336517e-05
0.647501128088652 0.00013904057125168 0.352220724416757 0.000139106923339358
0.906825047264703 0.000174087142283856 0.0928268084410849 0.000174057151928676
0.434397329389595 0.000112146841203671 0.565378411565333 0.000112112203867516
0.902038859585753 8.34629999890951e-05 0.0977942105038196 8.34669104378173e-05
0.82869963398444 0.000189506666026104 0.170921561175129 0.000189298174404711
0.1878125704636 0.000103405118884471 0.811980547038122 0.000103477379393115
0.892136434702478 8.6639374370363e-05 0.107690286417052 8.66395060997592e-05
0.542876153381602 0.000193425847378532 0.456737161338157 0.000193259432862125
0.75174733095671 0.00012024331409233 0.248012308500632 0.000120117228565942
0.621173416296538 0.000752027555877666 0.370928459126686 0.00714609702089883
0.787158131567601 0.000146029134625902 0.212549972998391 0.000145866299382362
0.511462461569413 0.000191182404020121 0.488155836755507 0.000190519271060127
0.591265151128241 0.000202327503555154 0.408330222456122 0.000202298912081866
0.914481474785927 0.000227207640657556 0.08506430518568 0.000227012387735252
0.880760233817901 0.000128957942040914 0.118981871765294 0.000128936474763994
0.801008961411426 0.000142144651057725 0.198706642248892 0.000142251688624127
0.278509566370237 0.000142619544974553 0.72120520201194 0.000142612072848578
0.594607552468324 0.000130938778647638 0.405130343565957 0.00013116518707222
0.976314318671177 7.78086701152752e-05 0.0235300474315342 7.78252271739316e-05
0.839258856058086 0.000136648051117282 0.160467724541269 0.000136771349527754
0.85058806046916 0.000121566721473817 0.149168639541588 0.000121733267778245
0.561434237556152 0.00011447376947312 0.438337149898597 0.000114138775778001
0.35785989601212 0.000599537534210806 0.640848887816844 0.000691678636825464
0.737010971571029 0.00013569793823077 0.262717622966603 0.000135707524137496
0.868953936635524 0.000186108530279711 0.130673803369105 0.000186151465091006
0.615315009297125 0.000221170531703366 0.384242585406162 0.000221234765009773
0.852252087981466 0.000159453367877599 0.147429065450629 0.000159393200027691
0.784604325224641 0.000127378962420327 0.215140298201631 0.000127997611307964
0.811690994761841 0.000260735796486619 0.187787477538737 0.000260791902935183
0.569221410020877 0.000147485219301941 0.430485138305716 0.000145966454104807
0.768145473582512 0.000152416626735266 0.231549926062894 0.00015218372785836
0.964973783349719 5.17610371062505e-05 0.0349227210235682 5.17345896066025e-05
0.814513411859814 0.00014409631914984 0.185198456150856 0.000144035670179641
0.942454133416786 8.78702878851641e-05 0.0573701102623722 8.78860329564326e-05
0.89053720401189 0.000142903963769348 0.109177031222776 0.000142860801564891
0.592827113574253 0.000169295060199538 0.406833735045237 0.000169856320310147
0.36804427807277 0.000162372363243694 0.631630882853168 0.000162466710818691
0.702771313362108 0.000128341588881078 0.296971998643117 0.00012834640589359
0.978456163624583 6.11588828967766e-05 0.0214215298066267 6.11476858940504e-05
0.180231818724158 0.00118440017687224 0.815143244253303 0.00344053684566761
0.694169053535575 0.00014181545964062 0.305547286637768 0.000141844367015896
0.957681897908905 9.06860156090897e-05 0.0421366927079386 9.07233675468731e-05
0.489493226715161 0.000175711474024418 0.51015538061563 0.000175681195183795
0.317758948995652 0.000162539104251071 0.681915840437989 0.000162671462107737
0.203621177336358 0.000176981319326308 0.796025026352161 0.000176814992154689
0.420516710529917 0.000206056554220016 0.57907131001645 0.000205922899413702
0.662497456132574 0.000175715544486606 0.337151193053204 0.00017563526973467
0.835621677571653 0.000132908029057613 0.164112622214015 0.000132792185274131
0.743850864001973 0.00019243216652334 0.255764378778045 0.000192325053459065
0.22756190742441 0.000336349647323782 0.771766025898216 0.000335717030049421
0.763488901156132 0.00022200764582549 0.236067125993691 0.000221965204351657
0.402673981537652 0.000182044480566107 0.596961903089561 0.000182070892220742
0.98713988679278 6.17810321841086e-05 0.0127365601280766 6.17720469596032e-05
0.425442258989051 0.000210272610123225 0.573770496012096 0.000576972388730186
0.494659986925312 0.00019846771526236 0.504943128739533 0.000198416619892149
0.725038153640497 0.000167830334457595 0.274626128888454 0.000167887136591398
0.552819952525047 0.000272611604296396 0.446091830278703 0.000815605591953519
0.941247086063211 0.000105850593455331 0.0585414580492245 0.000105605294109145
0.335528095418153 0.000133923188240015 0.664205008458202 0.000132972935404751
0.613850954153948 0.000121624370142675 0.385905991428062 0.000121430047847449
0.795723806689495 0.000239387708520736 0.203797557525683 0.000239248076301032
0.861058180695423 0.0001066302632402 0.138728603567101 0.000106585474235761
0.746177184712898 0.000230751529604474 0.253088928471693 0.000503135285804203
0.258273167651606 0.000171260947010643 0.741222642299585 0.000332929101798361
0.790049337658714 9.62986178381484e-05 0.209758063040406 9.63006830421467e-05
0.833537287924598 0.000166184065758722 0.166130530890727 0.000165997118916918
0.89530550206708 0.00010329720793961 0.10448790989214 0.000103290832840476
0.433716917603698 0.000111414783438897 0.566058599664993 0.000113067947869651
0.826492306827686 9.47909265154451e-05 0.173317978945721 9.49233000777643e-05
0.949556750038121 9.075489227072e-05 0.0502617015134771 9.0793556131136e-05
0.383824446950626 0.000175831197231451 0.615823852817925 0.000175869034218201
0.461877286580416 0.000170178033158473 0.537782312783311 0.000170222603115085
0.755790477656074 0.000102415344247255 0.24400448327233 0.000102623727348625
0.7622191434489 0.000135511348886732 0.237509588007867 0.0001357571943467
0.932073754359086 0.000170866377772853 0.0675842320413512 0.000171147221789409
0.294684236082102 0.000267457248757761 0.704780810887511 0.000267495781629637
0.468268345628391 0.00017779466771429 0.530577593709774 0.000976265994120891
0.0993076548472317 0.000117841760374762 0.900456624457418 0.000117878934975321
0.212894880719721 0.000202367389364009 0.78644247674374 0.000460275147175591
0.737440012062062 9.28271758365743e-05 0.262374258411753 9.29023503481986e-05
0.632905151798724 0.000225123787800111 0.366644611391117 0.000225113022358823
0.449246856990219 0.000163824865678097 0.549576157877134 0.00101316026696895
0.373850129753341 0.00117734071333034 0.624609710442893 0.000362819090435382
0.993264435803798 6.51603933063561e-05 0.0066052419803389 6.51618225570097e-05
0.917195073735395 0.000131083032156763 0.0825427433031372 0.000131099929310974
0.375051904236189 0.000231539843661353 0.624483920318497 0.000232635601652028
0.894494993030692 0.000104860954960627 0.105294613519766 0.00010553249458123
0.867326448423856 0.000203696858131617 0.132267124941397 0.000202729776615255
0.783207006106806 0.000186155973716559 0.216420638374908 0.000186199544569323
0.723299031079884 0.000151737361375628 0.276397698531656 0.000151533027084237
0.958528975254878 4.9046311686032e-05 0.0413730373358816 4.89410975541124e-05
0.739692147590263 0.000134645583219713 0.260038588380552 0.000134618445965086
0.895944455426828 0.000106856041035026 0.103842037757902 0.000106650774234248
0.928529259469944 6.55676001913694e-05 0.0713079328048825 9.72401249816732e-05
0.765710817223371 0.000123651490861207 0.234041687161668 0.000123844124099459
0.438672241964993 0.000145592643263637 0.561036432710845 0.000145732680897728
0.407895187955172 0.000160113791568423 0.591784689332783 0.000160008920476955
0.0188011219072484 0.000101668980132799 0.980995546187213 0.000101662925406065
0.354048975868217 0.00218298395048975 0.641022561652392 0.00274547852890113
0.989919722445117 5.48423143517471e-05 0.00997062137929767 5.48138612335841e-05
0.689451797207903 0.000118702958839862 0.310310827876633 0.000118671956623938
0.855420441906423 0.000130993274274792 0.143287419498215 0.00116114532108726
0.0288242943463232 8.72868784932183e-05 0.971001145589677 8.72731855066835e-05
0.173887281612307 0.000487859871139576 0.825478878343786 0.000145980172767651
0.456478016759268 0.000134996371176663 0.543252018674286 0.000134968195269562
0.96532968682702 7.81280982113694e-05 0.0345140750277317 7.81100470371131e-05
0.870383310203073 0.000500896962585067 0.125859883374129 0.0032559094602132
0.768904604164783 0.000136669953474853 0.230822044493299 0.000136681388443687
0.386869630248859 0.000232525286256437 0.612665444812019 0.000232399652865321
0.950734364210134 8.56421482555729e-05 0.0490944732357747 8.5520405835722e-05
0.748328343585041 0.000125530397600369 0.251420727404631 0.000125398612727064
0.42596524315979 0.000264622487967932 0.573505513772294 0.000264620579948175
0.145936473677694 0.000144067246715346 0.853775289161696 0.00014416991389434
0.444766165462336 0.000703495957273819 0.553266920256858 0.00126341832353289
0.595587458780617 0.00027119103916253 0.403870139717176 0.00027121046304466
0.709739512668363 0.000171934399113767 0.289916651832503 0.000171901100019749
0.0802102271834087 0.000547165872288319 0.918893784302368 0.000348822641935026
0.843921402327183 0.000111245474043645 0.155856161830464 0.000111190368310173
0.651021503722214 0.000160264941568722 0.348657970930442 0.000160260405774649
0.530659129146187 0.000212781973315458 0.468914223554399 0.000213865326098489
0.94980350119063 7.34402021604023e-05 0.0500495969884257 7.34616187842688e-05
0.199628359412133 0.000161698025235892 0.800048206698305 0.000161735864326861
0.557273674495771 0.000155957458411759 0.442414484655709 0.000155883390108457
0.800283541304713 0.000125875394932848 0.199464731343526 0.000125851956828339
0.780068147489108 0.00014048877552352 0.219650769150241 0.000140594585127559
0.436593044196287 0.000161573166168981 0.563083883761671 0.000161498875873667
0.917499195601765 6.5491710250895e-05 0.0823698227965061 6.54898914775968e-05
0.322964398920167 0.000137607552438208 0.676760210342095 0.000137783185299804
0.350233960808915 0.000151834804183599 0.649196113949715 0.000418090437185801
0.426089057796774 0.000190659350297301 0.573529959803343 0.000190323049586247
0.744699108336591 0.00014563333873324 0.255009715739715 0.000145542584961092
0.187873968552428 0.000400839188289791 0.811572410984065 0.000152781275217699
0.920091431403189 7.49202469486245e-05 0.079758666056038 7.49822938244685e-05
0.435596632606905 0.000126844769343784 0.564149457528631 0.000127065095120097
0.92223081582319 0.000113157764311955 0.0775429400708823 0.000113086341615426
0.801452140748271 5.98773628246684e-05 0.198428068717687 5.99131712176151e-05
0.751605831922427 0.000108077898293669 0.24817826854942 0.000107821629858575
0.360703570926855 0.000143629053144763 0.639009241525599 0.000143558494401093
0.947129020015599 0.000127388431204016 0.0526165580615953 0.000127033491601317
0.917063136109585 0.000146549281394199 0.0826438056198635 0.000146508989157027
0.824213071591682 0.000131252025140474 0.175524272632537 0.000131403750640336
0.9801243851505 7.9941304421453e-05 0.0197157235143948 7.99500306833289e-05
0.953479519255152 9.38304293516957e-05 0.0463327513159746 9.38989995214105e-05
0.860651646851935 0.000166962396143429 0.139014397517692 0.000166993234229394
0.526408990295538 0.000145052897926435 0.473301037512869 0.000144919293666638
0.734329920664971 0.000261086038297837 0.265147774450391 0.000261218846339667
0.820728794509864 0.000153208529937016 0.178964506085752 0.000153490874446342
0.92899510461458 5.26042834482224e-05 0.0708996960301558 5.2595071816202e-05
0.855232490638351 0.000149933486320964 0.144467595818074 0.000149980057254109
0.735409051062047 0.000185669910621243 0.264219418155321 0.000185860872010903
0.883528366106153 7.99150325739717e-05 0.116311801777958 7.99170833150597e-05
0.377960843054857 0.000217880266677068 0.62107469782363 0.00074657885483625
0.231987101304771 0.000114173343977233 0.767749419852369 0.000149305498883102
0.407907834229104 0.00014266955123734 0.591806853122681 0.000142643096977085
0.950651852988635 0.000129994583781072 0.0490883466058721 0.000129805821711829
0.850888780729371 0.000141970309407926 0.148827826259535 0.000141422701686851
0.938695059465128 0.000102429441170392 0.0611000792236968 0.000102431870004542
0.51799465273907 0.000180820154475994 0.481644426227233 0.000180100879221045
0.784029651290247 0.000139026621136957 0.215692291091115 0.000139030997500189
0.659893759023278 0.000159312046106057 0.339788179639631 0.000158749290985223
0.709645865935136 0.000137187055077993 0.290079767491106 0.000137179518679736
0.802918673234616 0.000139240240987499 0.196802630573236 0.00013945595116032
0.184601640723872 0.000136338756193437 0.81512571742937 0.000136303090564685
0.846710648581714 0.000140301577055332 0.153008716819939 0.000140333021291115
0.609015491449144 0.000234082882894006 0.390516327144247 0.000234098523715234
0.974464991983093 7.16239601912687e-05 0.0253917083398642 7.16757168515847e-05
0.52625696371858 0.000123140221108487 0.473496727051174 0.000123169009137789
0.782336758837069 0.000170862879356174 0.217321491362445 0.000170886921129801
0.637219241274722 0.000211021205685037 0.362358832498989 0.000210905020603884
0.962334526796867 6.49206069105421e-05 0.0375357695277639 6.47830684581305e-05
0.828839665870337 0.000107910013166834 0.170944550330007 0.000107873786489154
0.309392088545266 0.000255001395670176 0.690106756526897 0.00024615353216694
0.592802081715209 0.00020024115058089 0.406582650177677 0.000415026956533192
0.960674001725221 0.000137458936492254 0.0390510757658052 0.000137463572481949
0.973567823269113 6.23168303845415e-05 0.0263075725157068 6.22873847951757e-05
0.630197710790048 0.000147218021823286 0.369507891497928 0.00014717969020014
0.945269707307521 8.44331493984808e-05 0.0545614249319051 8.44346111755472e-05
0.910255769141137 0.000151271714385545 0.0894416553295324 0.00015130381494513
0.65409027411715 0.000123800862994473 0.345662111454348 0.000123813565507413
0.366974341232199 0.00018519720105458 0.632655273644787 0.000185187921959383
0.810314505911327 0.000141012651330423 0.189403428585067 0.000141052852274662
0.975693007923889 9.25271820665537e-05 0.0241219759433773 9.24889506670714e-05
0.222573919231528 0.000166805795117271 0.777092492539495 0.000166782433859898
0.300628870274143 0.000166631514830252 0.699038095267146 0.000166402943880672
0.93458149930141 5.9673104986943e-05 0.065299296398769 5.95311948345482e-05
0.803101257959026 0.000100537221916176 0.196697749544156 0.00010045527490188
0.918203186762797 0.000103979751374662 0.0815883526085904 0.000104480877237564
0.566307707705743 0.000175392763681243 0.433341589571351 0.0001753099592242
0.896090554051548 0.000104219062073858 0.10370101689193 0.00010420999444889
0.402672416039912 0.000130061906390488 0.597067463636348 0.000130058417349753
0.188111928135156 0.000129179121141179 0.811629718628751 0.000129174114951868
0.687831440237419 0.000221405347377298 0.311725716938909 0.00022143747629445
0.70916165466726 0.000142390559052463 0.29055532863794 0.000140626135748132
0.863770669333522 0.000162654754535148 0.135904182031253 0.000162493880689223
0.721279191363297 0.000132447156262298 0.278456056315363 0.00013230516507723
0.967972158962937 0.000120224191003776 0.0317873970280935 0.000120219817965538
0.960200121353903 0.000104018768527282 0.0395918411859389 0.000104018691631283
0.92822366936528 9.26876968774124e-05 0.0715909439468338 9.26989910083977e-05
0.633153787188543 0.000228148261709825 0.366389720676053 0.000228343873693643
0.81684867220429 0.000148188127118527 0.18285483528518 0.00014830438341148
0.499661218939919 0.000184549861868991 0.499969541834272 0.000184689363940158
0.215995880265078 0.000147430450265754 0.781764393778506 0.00209229550615036
0.996592176889437 5.12292501094964e-05 0.00330536630827875 5.12275521745033e-05
0.895630050689094 0.000151856037943184 0.10406617581152 0.000151917461443204
0.375869916330666 0.000214890006143458 0.6237002936629 0.000214900000290434
0.651477321356187 0.000137142335918891 0.348248339289939 0.000137197017955192
0.604513651229236 0.000194429780492929 0.395097424861975 0.000194494128295722
0.915392491324088 0.000112968947308427 0.0843815137142843 0.00011302601431963
0.795265684553824 0.000127366583861864 0.204479690028136 0.000127258834178817
0.00185242307010021 0.730454159595293 0.102435395048728 0.165258022285879
0.624958206468735 0.00021754375818071 0.374571959632649 0.000252290140434638
0.0881697013185492 0.000136108110946244 0.911558084730911 0.000136105839593046
0.902386776456701 0.000103326810220962 0.0974065734347955 0.000103323298282966
0.926726086692408 0.000124370782475219 0.0730251402092827 0.000124402315833731
0.602963481748102 0.000207396851111089 0.396121956772752 0.000707164628034937
0.900408906956728 0.000110829922233949 0.0993696739812047 0.000110589139833238
0.835733414667611 0.000137361101142728 0.163992023102806 0.000137201128440643
0.0333692096727174 0.000819873955075314 0.964211396346751 0.00159952002545586
0.725087279814439 0.000173482838016354 0.274565727625151 0.000173509722393162
0.714686201011326 0.000234685490589691 0.284844448680778 0.000234664817306933
0.660725270316037 0.000231846078894954 0.338811032136911 0.000231851468156804
0.494079415300296 0.000148055762531069 0.505624460544548 0.000148068392625212
0.960436729319469 7.34745016642518e-05 0.0394163925045491 7.34036743173686e-05
0.861343886736876 0.000112602126866823 0.138430865448028 0.000112645688229158
0.651056193257116 0.000106242939375998 0.348731388162184 0.000106175641324333
0.811995453981419 0.000120521120471134 0.187763599481952 0.000120425416157463
0.531412770166645 0.000281163188096072 0.468025018344289 0.000281048300969257
0.362861552214497 0.000131611420654639 0.636875194270457 0.000131642094391455
0.840355856058607 9.61076677570218e-05 0.159451977972753 9.60583008838973e-05
0.276716706069434 0.000196184592501083 0.722890941622624 0.000196167715441136
0.589257140606553 0.00012359917467224 0.410495358168851 0.000123902049923875
0.709600908530375 0.000166470507767128 0.290066153327971 0.000166467633887628
0.899255701470235 0.000114091493992549 0.10051612034329 0.000114086692482414
0.226955777957136 0.000184611860983483 0.772674968807946 0.000184641373934293
0.905786477191512 0.000132406513331471 0.0939491253788025 0.000131990916353907
0.825850752938708 0.000166453640049555 0.173816474730958 0.00016631869028367
0.935918672288925 8.00836009756235e-05 0.0639209640307264 8.02800793729283e-05
0.750000972714235 0.000133624548217492 0.249731656369896 0.000133746367651362
0.324761151677361 0.00014280340813818 0.674953168635315 0.000142876279185804
0.872064323943555 0.00011821083823531 0.127609663970149 0.000207801248060135
0.85860809719478 0.000101726716286874 0.141188439692895 0.000101736396037514
0.59305369329093 0.000200697311153646 0.406544864845418 0.000200744552498059
0.98495088545546 6.67364450071727e-05 0.0149155675510339 6.6810548498601e-05
0.963279130739611 8.58403154353988e-05 0.0365492010473437 8.58278976097436e-05
0.243549788494245 0.00372021769947962 0.750181552191396 0.00254844161487967
0.856668536688622 0.000153885311704719 0.143023721355622 0.000153856644052062
0.5479774722904 0.000188311719321952 0.451602939295447 0.000231276694831059
0.739431220190452 0.000114221957348028 0.260340610925977 0.00011394692622373
0.26932537078067 0.000220065556995914 0.730234347956778 0.000220215705555931
0.686180677536875 0.000107139055657568 0.313605008793759 0.000107174613708572
0.503913744585145 0.000188566273158892 0.495321810293203 0.000575878848492988
0.660815775957238 0.000148343350132862 0.338887564454287 0.000148316238341877
0.60132839608498 0.000150818755166652 0.398369998442122 0.000150786717731622
0.795721120307872 0.000164882117678148 0.203949131089043 0.000164866485406062
0.203890375665901 0.000164487474983566 0.795780756848335 0.000164380010780836
0.991762862865812 3.27448526350243e-05 0.00817167378219179 3.27184993615235e-05
0.787139239523378 0.000156982688200013 0.21243659881397 0.000267178974451904
0.850741927645715 0.000100990137810288 0.149056119119559 0.000100963096915948
0.454754852461686 0.000178407091855722 0.544889285303769 0.000177455142689178
0.0124633427376053 0.000967014393558759 0.985600485386864 0.00096915748197166
0.19782404586936 0.00205125203355439 0.798803569813612 0.00132113228347325
0.953924003448591 0.000124744002729475 0.045826521282415 0.000124731266264358
0.11768090390914 0.000188282472528303 0.881942597958074 0.000188215660257676
0.553428930010277 0.000102636969114238 0.446365888636339 0.000102544384269127
0.967241494692227 0.000160959711302242 0.0324366030731404 0.000160942523329969
0.426462317368944 0.000673957785604345 0.571326499712456 0.00153722513299554
0.377851847734008 0.000247852019850827 0.621652472718336 0.000247827527805394
0.9920742963882 6.74313140657859e-05 0.00779084382091233 6.74284768220877e-05
0.416289560824523 0.000256564873080975 0.581523135805207 0.00193073849718981
0.642709133635783 0.000206034693160992 0.356878907158838 0.000205924512218724
0.781491685627874 0.000136312770481316 0.21823574421063 0.000136257391015069
0.816663023787652 0.000105732815614148 0.183125088106881 0.000106155289852732
0.46134361486824 0.000166019127094142 0.538324682916914 0.000165683087752489
0.978364152742814 8.40849677078304e-05 0.0214676642424623 8.40980470164922e-05
0.466768504186453 0.000152049024926679 0.532927299886381 0.000152146902239763
0.226000048835764 0.000114705243756465 0.773770111493889 0.000115134426590171
0.792461349780068 0.000180550755582084 0.207177307894814 0.00018079156953533
0.938142276612711 7.98785161141464e-05 0.0616979605268519 7.98843443229951e-05
0.903184413410814 0.00014731159200117 0.0965208951550771 0.000147379842107887
0.997106127545892 4.47040856642277e-05 0.00280446693776089 4.47014306830686e-05
0.905998186036167 0.000122831020596674 0.0937562860610817 0.000122696882154355
0.99845482271845 4.65713749220769e-05 0.0014520285179327 4.65773886954169e-05
0.704040839796337 0.00036405920380342 0.292382238519604 0.00321286248025561
0.743835246899138 0.000104342526848468 0.255955983284449 0.000104427289564696
0.798457367180755 0.000122100059821877 0.201298449327888 0.00012208343153524
0.149623413720982 0.177751139173128 0.558199208084506 0.114426239021384
0.807687624799725 0.000213870040352994 0.191884556720236 0.000213948439685335
0.613461441700502 0.000189254254681437 0.386160116563431 0.000189187481385448
0.977160257426002 0.000102944608064957 0.0226338349373453 0.000102963028587449
0.382579060556392 0.000491770776394883 0.615944013573201 0.000985155094011969
0.880364723587652 0.000118183256543472 0.119399234771325 0.00011785838447963
0.800063798366121 0.000117561225904974 0.19970115435862 0.000117486049353376
0.864308487739996 0.000148060045591155 0.135395349977999 0.000148102236413778
0.25585535786703 0.000135147630348928 0.743874287487788 0.000135207014832671
0.808425757003121 0.000186312116691449 0.191201594761441 0.000186336118747246
0.795159473539459 0.000123258600101965 0.204594074206142 0.000123193654296897
0.941532918249607 0.000134170256918964 0.0581988859784598 0.000134025515014105
0.983413608950527 8.96634722212527e-05 0.0164070523523761 8.96752248752606e-05
0.772227616561616 0.000270614864565509 0.227231393617003 0.000270374956816127
0.902626936959096 0.000136773585337423 0.0970995044635736 0.000136784991993107
0.674934521558168 0.000217061499223116 0.32463132072412 0.000217096218488872
0.9192937314931 0.000119118760319119 0.0804680397353727 0.00011911001120801
0.933718664185594 7.71880658277949e-05 0.0661269773472753 7.7170401303325e-05
0.231622118102241 0.000150934916038221 0.76807599952588 0.000150947455840711
0.022606626989981 0.000123533120853979 0.977146292638246 0.000123547250918693
0.677099337918598 0.000185125783975026 0.322530431169478 0.000185105127949625
0.933682969206196 9.03957677171941e-05 0.066136398839748 9.02361863385163e-05
0.773637548763931 0.000270528587309752 0.225821507599055 0.000270415049703917
0.859160125625076 9.87160707698172e-05 0.140642308206546 9.88500976080418e-05
0.507843496493856 0.00012445545298405 0.491907558101208 0.000124489951952107
0.389864763920649 0.000142872490412044 0.609849518530781 0.00014284505815764
0.731760344032849 0.00011464812854446 0.268010234206328 0.000114773632279229
0.622382067478311 0.000152541824949724 0.377312836154807 0.000152554541932366
0.94663054998759 0.000131681848875916 0.0531061104221887 0.000131657741345138
0.768323342842725 0.000240899143184418 0.231194874818841 0.000240883195249597
0.91820414288256 0.000121118118513549 0.0815536705983917 0.000121068400534451
0.774510587017316 0.000199075323255084 0.225091399801743 0.000198937857685659
0.739198835920939 0.000184079546819514 0.260433105417837 0.000183979114404556
0.676246091300451 0.000180744566095443 0.323392462166686 0.000180701966767513
0.883955904804338 0.000198926234178431 0.115646287748758 0.000198881212725974
0.869538919140465 6.89357153522695e-05 0.130323268584198 6.88765599847093e-05
0.619405902138376 0.000127719216469698 0.380338833805859 0.000127544839295195
0.548617952773222 0.000100391579393418 0.451181177430724 0.000100478216659946
0.157880102143631 0.000183378068006232 0.84175328895007 0.000183230838292698
0.579482406091964 0.000190133647310892 0.420137448983132 0.000190011277593171
0.126532035532585 0.000168196872621423 0.872029913185458 0.00126985440933573
0.716727630028814 0.000133707621845232 0.283004896855994 0.000133765493347189
0.720664719579177 0.000122434662265568 0.279090495114993 0.00012235064356491
0.579361952475307 0.000160069500418348 0.420318049835447 0.000159928188828044
0.830256932242358 9.45491391451603e-05 0.169553650026447 9.48685920499929e-05
0.515179060024566 0.000174819873316281 0.484472829914998 0.000173290187119768
0.583383662463619 0.00015610933158261 0.416304212831952 0.000156015372846501
0.354221180547027 0.000135489908726534 0.645507909319553 0.000135420224693731
0.386746152335058 0.000128850619240409 0.612995928226765 0.000129068818937322
0.37887400467306 0.000125778833616136 0.620874451180691 0.000125765312632488
0.835308041027805 0.000128206338556164 0.164435455393145 0.000128297240493935
0.949239495305376 0.000132524497422826 0.0504955834362201 0.000132396760981104
0.893722354454755 0.000125932618778637 0.106025799661322 0.000125913265144306
0.948037916068158 5.96739875084213e-05 0.0518430075279189 5.94024164144998e-05
0.204193350784925 0.000158624998943124 0.795292125152503 0.000355899063629109
0.50864099047091 0.000203398372069247 0.490952164986617 0.000203446170403152
0.980218070208267 8.04248843004188e-05 0.0196210999364753 8.04049709572514e-05
0.918460272769556 0.000144379709517751 0.0812509867087347 0.00014436081219162
0.673895711575993 0.000125569889350746 0.325853128114589 0.000125590420066589
0.607459510476156 0.000112015909761709 0.392316462341882 0.000112011272200219
0.657693720314602 0.000194173742801435 0.341917901010096 0.000194204932500681
0.465769934615529 0.000191166401654026 0.533847730244494 0.000191168738322049
0.519082003663842 0.000146715001648799 0.480624664304675 0.000146617029833772
0.367754224075442 0.0287910912881865 0.568754820673322 0.03469986396305
0.886433176291516 0.000152479852497325 0.113261988528351 0.000152355327635245
0.622894749356531 0.000219168642216078 0.376666352720578 0.000219729280674429
0.484555094676621 0.000156381790474409 0.515132281853531 0.000156241679373626
0.804604795965372 0.000204556224544196 0.194986120635434 0.000204527174649803
0.393367491125115 0.000147702252281093 0.606336850554927 0.000147956067677068
0.955578095713626 0.000124462161310167 0.0441729847941429 0.00012445733092088
0.515590691737062 0.00018040483799202 0.483989425380743 0.000239478044203411
0.954863073006252 0.000193358352063212 0.0447502188265541 0.000193349815130372
0.82597498563678 0.000100821321030882 0.173823254324343 0.000100938717845946
0.76902465596969 0.000128013580814535 0.230719079965008 0.000128250484486902
0.523696520179717 0.000156281369216353 0.475990886328567 0.000156312122499392
0.13268231243821 0.000154975886734093 0.86700755219135 0.000155159483706134
0.24861393483804 0.000175529488722829 0.751034902635079 0.00017563303815841
0.668081548213986 0.000116618160520765 0.331685229969408 0.000116603656085155
0.683310431913748 0.000161992742182254 0.316365964351202 0.000161610992867805
