0.0263091401296359 0.654282689544002 0.0968073913650842 0.222600778961277
0.000167911894410182 0.484441539580403 0.000506763893930629 0.514883784631256
0.0281853731682371 0.0209666410913056 0.108959267760492 0.841888717979965
0.00181766984262491 0.622949237394094 0.00730683086447787 0.367926261898804
0.000331977424082471 0.488919414930068 0.0235283054492061 0.487220302196644
0.00294485335681531 0.484057413822508 0.00610530302150241 0.506892429799174
0.000252740901556042 0.0852571458531343 0.00153245297243259 0.912957660272877
0.00148481068578561 0.762086434063859 0.00938646649804487 0.22704228875231
0.00904634685046647 0.671448803415895 0.0248202626276585 0.29468458710598
0.00431615870752433 0.638237249268395 0.00696425426889995 0.350482337755181
0.000230711268081651 0.730760968086051 0.00536909550265718 0.26363922514321
0.000337329265062216 0.440578777172295 0.0148411084348248 0.544242785127818
0.0021863782949595 0.683613178431599 0.00674352022900855 0.307456923044433
0.00426382508722064 0.422348065607414 0.0149466066211019 0.558441502684263
0.00450500900758717 0.474006622097253 0.00500363428824482 0.516484734606915
0.000205956819190155 0.73255273284132 0.00248067091405366 0.264760639425436
0.00581402588237454 0.407200348503646 0.0232514259978933 0.563734199616086
0.00184770088448269 0.560848549949255 0.00741403376908311 0.429889715397179
0.00373504631786329 0.597298441847369 0.0212481189172512 0.377718392917517
0.0059529138129882 0.292834389813866 0.0162278401834355 0.684984856189711
0.0809515911445236 0.832058386708531 0.0280849040329348 0.0589051181140111
0.00241758531187038 0.343808032181684 0.0365525704775297 0.617221812028916
0.00125956729831506 0.268328441099851 0.0055054956584585 0.724906495943376
0.0679271214441338 0.294349709489404 0.580067094874804 0.0576560741916584
0.000205335757195586 0.327619762036645 0.00148477437217665 0.670690127833983
0.00215039970235442 0.556267038622439 0.0044415763631872 0.437140985312019
0.0104314823184843 0.593582274062452 0.0314918982308567 0.364494345388208
0.000235539097415069 0.639870994711482 0.00471256127732611 0.355180904913777
0.00570292363089821 0.650602140754938 0.00606879680945064 0.337626138804713
0.000988967998008432 0.370634582005272 0.00272529586120376 0.625651154135516
0.000897935689240126 0.630446734425156 0.0165210741835309 0.352134255702073
0.00469176610630569 0.445892267629011 0.0239619355253215 0.525454030739362
0.00412429608473568 0.77817068252119 0.018554508792467 0.199150512601608
0.00143735806613757 0.458245032546828 0.00389783313903022 0.536419776248004
0.00024492205039284 0.730753573476386 0.00635156567682475 0.262649938796397
0.000321324430927069 0.454308310323117 0.0074588606352296 0.537911504610726
7.60060324684633e-05 0.00309988379688085 7.58030729351391e-05 0.996748307097716
0.000488804811569079 0.288939270128015 0.0108731318947224 0.699698793165694
0.00481235807458219 0.632057525205923 0.00859463904562755 0.354535477673868
0.000201620839664705 0.19777948701995 0.0006498049238178 0.801369087216567
0.000393131376018864 0.00364693057627312 0.000568937831042816 0.995391000216665
0.000257961078752446 0.235202247834544 0.00439562587568498 0.760144165211018
0.00452918180477921 0.472850678256738 0.0202635392538743 0.502356600684609
0.000212097846292381 0.385485499793726 0.00294481753978922 0.611357584820192
0.000209443593319454 0.38951380067908 0.0046815597262246 0.605595196001376
9.16626640933504e-05 0.00141892525509415 0.000311428287412304 0.9981779837934
0.00409938062283067 0.352062392355531 0.00833501223979669 0.635503214781842
0.000527910658433822 0.499179489082089 0.12489667125631 0.375395929003167
0.000597821348010275 0.0730190350917612 0.00193391566919401 0.924449227891034
0.00208035250322769 0.494401480340195 0.0101453035816011 0.493372863574977
0.00655234392593037 0.405045685333007 0.0335024060112785 0.554899564729784
8.15999794033749e-05 8.16043297179465e-05 8.1601191634866e-05 0.999755194499244
0.000873907702919486 0.48715986636247 0.00748957172292508 0.504476654211686
0.000840452010310627 0.347931378019948 0.0454982597548407 0.6057299102149
0.00410259212970509 0.5320430167285 0.0191286007218116 0.444725790419984
0.00528477148111864 0.409021056513572 0.155549855733431 0.430144316271879
0.0373422654135082 0.41368273918272 0.131200493017486 0.417774502386286
0.000210573729165729 0.383733794207838 0.00135022776235806 0.614705404300639
0.000228896590074313 0.297925196080853 0.00309735426076534 0.698748553068307
0.000897666222518933 0.461216206971503 0.045788413092101 0.492097713713877
0.000222586592661142 0.436211402575782 0.00936865798246093 0.554197352849096
0.000323803591050783 0.685394759522894 0.00807803053944001 0.306203406346615
0.00209964229205393 0.750756174716248 0.0131520649442886 0.233992118047409
0.00148753434195662 0.48303823242064 0.00158373377664263 0.513890499460761
0.00262210519791778 0.648857686714715 0.0117212666227426 0.336798941464624
0.00345532848403131 0.791922850188119 0.00826786239587152 0.196353958931978
0.00416877955771417 0.562863186078239 0.0234057871025643 0.409562247261483
0.000220163714259736 0.640136435948809 0.00280806349226694 0.356835336844664
0.007725188428082 0.504656232115933 0.0206110971831963 0.467007482272789
0.0106797730504485 0.37969290063919 0.0339198675502343 0.575707458760127
0.000300764085012661 0.152105873190614 0.139135996102307 0.708457366622066
0.000210258212036281 0.258563662503092 0.00097892102282986 0.740247158262042
0.000857242858071832 0.0224775299976151 0.0013795409461439 0.975285686198169
0.00258171931484571 0.726984706442191 0.0157475263566272 0.254686047886336
0.00210307379456389 0.716654966021776 0.0116504811760431 0.269591479007617
0.00147259799525704 0.271553986681419 0.0179128503133938 0.70906056500993
0.000869978158201911 0.136059090096243 0.000648352800734447 0.862422578944821
5.26020518936239e-05 0.00662641556518257 0.000826497571994723 0.992494484810929
0.000669190514300602 0.454618424735992 0.0204351278653097 0.524277256884397
0.114490634652078 0.60668662771357 0.0196303684952667 0.259192369139086
0.00183591053236009 0.000351966901634955 0.00294557379472479 0.99486654877128
0.00017903096631436 0.595940742092916 0.0194995188407886 0.384380708099981
0.070042408237971 0.657563736138515 0.0629065937975817 0.209487261825932
0.000188265624270365 0.632893240320425 0.0068464533344314 0.360072040720873
0.0207315129818005 0.452220033520154 0.00447647239447236 0.522571981103573
5.4979822847613e-05 0.00118074012183178 0.000155505432542176 0.998608774622778
0.000185725990096991 0.0334633853596377 0.00260637743210765 0.963744511218158
0.00825381466560141 0.760231093127529 0.0217720725435088 0.20974301966336
0.000249998665449353 0.539124687825141 0.0258012656939527 0.434824047815457
0.00177312787504583 0.473383596897021 0.0290812065950456 0.495762068632887
0.00081072611227282 0.683148813157526 0.0186985250220985 0.297341935708103
0.000408811186414075 0.278249473981135 0.00391275725546678 0.717428957576984
0.000200543712138538 0.703586347718777 0.00422247768670915 0.291990630882375
0.00639621529043459 0.460588523875441 0.0100761940436861 0.522939066790438
0.00382911713546672 0.493207793705101 0.0267912052009683 0.476171883958464
0.000355038414987069 0.756917792531501 0.00579145954305615 0.236935709510456
0.000261176097945173 0.62032613546457 0.00640889768926091 0.373003790748224
0.000264755760040528 0.127546292654088 0.00388005688108156 0.86830889470479
0.00217007302266561 0.538934373080028 0.0138414989812139 0.445054054916093
0.000427417898906773 0.219356559234716 0.0133443376440246 0.766871685222353
0.0001807572216764 0.502544825329175 0.00232899087821383 0.494945426570935
0.00403266825859639 0.455715621596102 0.0124393969073558 0.527812313237946
4.58327177510682e-05 0.000751881576669675 0.000124643147079492 0.9990776425585
0.00131929403174848 0.275082268226831 0.176694984281802 0.546903453459619
0.149865606035844 0.0929178168132653 0.699110745915249 0.0581058312356411
0.0108909586580954 0.343091524065533 0.12496747615582 0.521050041120552
0.000214834155089296 0.613321539628718 0.000873184784647911 0.385590441431544
9.03114389920974e-05 0.000361788913687966 9.03030552704429e-05 0.999457596592049
0.0114790481322171 0.521226214659522 0.00621081840339448 0.461083918804866
0.000252331320776891 0.664191662929988 0.0164609026739537 0.319095103075281
0.0180873724350454 0.54519191457613 0.0327198107357144 0.40400090225311
0.000214128276963822 0.701985461183875 0.00539957798047836 0.292400832558683
0.000382464020072509 0.201303048593942 0.00388367853287162 0.794430808853114
0.00103453493555971 0.358155087570495 0.00697820158758458 0.633832175906361
0.000213741457676937 0.658775148746311 0.00366291667738927 0.337348193118623
0.00209275884648101 0.371576680429414 0.143777320135067 0.482553240589038
0.000269413701970926 0.459942302805455 0.00306738635691601 0.536720897135658
0.0142427207346169 0.460495377654563 0.00477058593330138 0.520491315677519
0.000233935738235464 0.438205674863744 0.00129800803014384 0.560262381367877
0.000338084156958846 0.0290316759958277 0.0142782014897418 0.956352038357472
0.000216414520662341 0.527276596643662 0.00104969061666226 0.471457298219014
0.00643782416029773 0.6663050419062 0.0136964681999511 0.313560665733551
0.000263020725818015 0.6181889973954 0.00494893503766664 0.376599046841115
0.000180621610798653 0.0221603430117488 0.000403155612794953 0.977255879764658
0.000210579828646409 0.229280837803805 0.00569226419018598 0.764816318177363
9.8739951923854e-05 0.00168142981861135 0.000415287884716961 0.997804542344748
0.00234078054403769 0.544180381740007 0.00436035969154008 0.449118478024415
0.00023548894708459 0.64670182847928 0.00595065056832318 0.347112032005312
0.00633523097717019 0.282970710106659 0.154674346111508 0.556019712804663
0.0002471878962456 0.438177390856628 0.134476077805704 0.427099343441422
0.0395861260940037 0.250755170536319 0.0678565108251495 0.641802192544528
0.000212584717929902 0.321621975523186 0.00256299622297264 0.675602443535911
0.00431255568939161 0.373313076498048 0.00289386819619397 0.619480499616367
0.00024154626224929 0.45037817916683 0.00862803356849166 0.540752241002429
0.00205293191921757 0.41995075562794 0.0295982773675708 0.548398035085272
0.000219838137303123 0.436751055215264 0.00396669324129214 0.55906241340614
0.000196925787408153 0.0314576327369807 0.00181511103248272 0.966530330443128
0.00709857049789552 0.793524011807492 0.0174845763398562 0.181892841354756
0.00307108726655567 0.581059966749613 0.00790622328998248 0.407962722693849
0.000291622791103163 0.318938338537143 0.00251492927355137 0.678255109398203
0.00696387550258993 0.489291844870944 0.257066012462781 0.246678267163685
0.00385422441562433 0.826999350430364 0.00751642884797955 0.161629996306032
0.000463594682878347 0.385209408954948 0.126807547832873 0.4875194485293
0.00442706616062066 0.37988807663484 0.0232642141241467 0.592420643080393
0.00826902921083806 0.220541837654575 0.022965168226762 0.748223964907825
0.040819168345265 0.503683448268504 0.0702348681818163 0.385262515204415
9.3134288869961e-05 9.31270729410946e-05 9.31299882746561e-05 0.999720608649914
0.000217055453732676 0.772907033261119 0.00178005128753467 0.225095859997614
0.00022751153840182 0.337029862531588 0.00199137963230451 0.660751246297706
0.000544436746390406 0.430937659559469 0.00267763597951153 0.565840267714629
0.000234104542567497 0.410810170560703 0.00102256068068738 0.587933164216042
0.000222319020827612 0.55396200338076 0.00219739724614864 0.443618280352264
0.00121298729079494 0.343626921140208 0.00297716072612705 0.65218293084287
0.00436564380408142 0.640206625562828 0.00776200751271843 0.347665723120373
0.00161791387812758 0.494287835010578 0.00464849907601081 0.499445752035284
0.00294112674811982 0.438076017345307 0.017579311166974 0.5414035447396
0.000203442233293209 0.23146893443841 0.0024483951927836 0.765879228135513
0.00143808156443279 0.42699811056281 0.102010739522217 0.46955306835054
0.000244381446774681 0.694904070674895 0.00401271187816212 0.300838836000168
0.000966135464250042 0.00686993127163915 0.00186652867467853 0.990297404589432
0.00266407034580975 0.665547148429643 0.00444648921144108 0.327342292013106
0.000264845000694798 0.206119374052195 0.00389491780325736 0.789720863143853
0.000361121780187361 0.34393238765768 0.00349030101467997 0.652216189547452
0.000473970796204058 0.451432320643612 0.025465652598016 0.522628055962168
0.000306604877016512 0.737239274960058 0.0114933300563354 0.25096079010659
0.000328376412861441 0.329245651477728 0.0163931781622457 0.654032793947165
0.00025687137233597 0.347132073270783 0.00246919668345644 0.650141858673424
0.0051819123816231 0.662952404907308 0.0092676057831074 0.322598076927962
0.000266752159609665 0.482933955692292 0.00326223190435847 0.51353706024374
0.000608532428799652 0.258916789151499 0.0053402189543016 0.7351344594654
0.00196851668774261 0.722712485867557 0.00725510262471124 0.268063894819989
0.00606260859861607 0.473628849330583 0.0243010378211387 0.496007504249662
0.00182577576051924 0.570123051494481 0.00885450240598115 0.419196670339018
0.0135067788727036 0.554677612109886 0.00329750148693011 0.42851810753048
0.000745317439433888 0.492916137747237 0.00761135473402124 0.498727190079308
0.000216874760008455 0.55941332160138 0.00175377371122257 0.438616029927389
0.00101357009552851 0.481372566561821 0.00372816172265217 0.513885701619998
0.000220581107601691 0.354601148644844 0.00723429980132564 0.637943970446229
8.81208026212358e-05 8.81215823138924e-05 8.81182124326121e-05 0.999735639402632
0.00236864086800333 0.396188592875272 0.00780314672119676 0.593639619535528
0.000185608645945537 0.279376089623704 0.00225752552186925 0.718180776208482
0.000368558664286598 0.649292563342401 0.012261322794946 0.338077555198367
0.000260445659147892 0.247379774535916 0.00258927629849737 0.749770503506439
0.0161543287798491 0.779821384291336 0.013677235142643 0.190347051786172
0.000209956440581049 0.50794265975259 0.00156679891074369 0.490280584896085
0.000228648670693648 0.365700840809387 0.00301347760111183 0.631057032918807
0.00074092078076669 0.423881958975592 0.00320006273224687 0.572177057511395
0.000443012371976852 0.47728222457696 0.0913193375824117 0.430955425468652
0.00348592859669506 0.73988262963003 0.0208233093895472 0.235808132383728
0.0053752023503717 0.591031331889621 0.00527832730272153 0.398315138457286
0.000928189704738341 0.474153586874132 0.0397242159316486 0.485194007489482
0.000240644369498304 0.346778684405337 0.0021476526891244 0.650833018536041
0.000466680917351818 0.536328806802364 0.0188394301774642 0.44436508210282
0.000296494323102837 0.677487522960048 0.00289170288712201 0.319324279829728
0.000158001834311872 0.0663346779725117 0.000733448205142076 0.932773871988034
0.0002773478745595 0.268781921534952 0.0137082199611193 0.717232510629369
0.000253393789990387 0.659736910127139 0.0116034266133117 0.328406269469559
0.00255720445765523 0.770801414143421 0.0218296894426029 0.20481169195632
0.00168411322006543 0.48631301590112 0.016730999993132 0.495271870885683
0.00021991595152281 0.595908767978843 0.00664316108035075 0.397228154989283
0.000846191749229233 0.516977829188069 0.00306794044725649 0.479108038615446
0.00025470392813055 0.467475381091201 0.00533217540899606 0.526937739571673
0.0159227704641233 0.556365469562863 0.0326034772418346 0.395108282731179
0.000230808292050132 0.470887808727634 0.00916639050102933 0.519714992479286
0.00151030220340388 0.485928739310322 0.0106052231800716 0.501955735306202
0.0089280201157852 0.310970645729503 0.00607889835304129 0.674022435801671
8.03576395548231e-05 0.00716070887183537 8.02383993057713e-05 0.992678695089304
0.000834243915832822 0.441017252234225 0.00659570303328165 0.551552800816661
0.0104278783695857 0.500567547541141 0.00547945565261003 0.483525118436663
0.00030463319055183 0.440769220068514 0.013899732486924 0.54502641425401
0.00026122950058471 0.63542828829398 0.0021415570020528 0.362168925203382
0.00167284631804593 0.297910987254874 0.0051398463444449 0.695276320082635
0.000361324883147999 0.495988695884918 0.0351809456454166 0.468469033586517
0.000257991477165034 0.317313705216434 0.00329301458691881 0.679135288719482
0.0235435338549118 0.550869554575162 0.069343017369097 0.356243894200829
0.00161500493263967 0.562442957140631 0.00814359223622602 0.427798445690504
0.000228039113246614 0.482941368607192 0.00230766329055127 0.51452292898901
0.0108639349867685 0.345388965111792 0.00989676564034073 0.633850334261099
0.000217808826403464 0.371964647342426 0.0012374303455957 0.626580113485575
0.00028182861987007 0.185957218115439 0.0164983900807066 0.797262563183984
0.00821627956691264 0.599021190688691 0.0154485583034651 0.377313971440932
0.000925342720146039 0.502017052906899 0.00157770002302303 0.495479904349932
0.0002883432871134 0.514481398300721 0.0118768247704802 0.473353433641685
0.000297849139203567 0.677720362398696 0.0128649537395615 0.309116834722539
0.00048234459306378 0.130734266878112 0.00545145830092366 0.863331930227901
0.000975259158721118 0.814386449246063 0.00602600956705275 0.178612282028163
0.0390369540331695 0.534191905317852 0.186627982795909 0.24014315785307
0.000292441604857116 0.13879013435122 0.0184563082366022 0.842461115807321
0.00147692638959188 0.118422778224089 0.00578218322561646 0.874318112160703
0.000740485650933899 0.263969895667438 0.00516147467866506 0.730128144002963
0.0021983763754713 0.289063672420039 0.0103154950311394 0.698422456173351
0.00051480254777053 0.260021257226329 0.00224346547323941 0.737220474752661
0.000485497679384445 0.296602492189975 0.0579662279189076 0.644945782211733
0.00020877996034727 0.638546045605546 0.0023702920732646 0.358874882360842
0.000187261151675801 0.221441162213997 0.00789134655722714 0.7704802300771
0.00391436165967729 0.467980168377343 0.0285610677994516 0.499544402163528
0.000154714667939335 0.157949318952732 0.00113011108325425 0.840765855296075
0.0049112783464697 0.412266815342947 0.172136620333513 0.410685285977071
0.00086384599904869 0.49109181356432 0.00489581310763115 0.503148527329
0.00480869512469293 0.771953508995655 0.0142817115183371 0.208956084361315
0.00609750413635697 0.506357727853167 0.020267129280698 0.467277638729778
0.00148416067113903 0.600796230952267 0.00701163442186417 0.39070797395473
0.00594630630873562 0.436009750299681 0.0794716965739218 0.478572246817661
0.00108762287926471 0.0316410945207843 0.00205509332500364 0.965216189274947
0.0118394335971221 0.631961200048392 0.0399138136238262 0.31628555273066
0.000254444260192068 0.674948688803233 0.00390757873496544 0.320889288201609
0.000277548413367773 0.400300368968067 0.00547879485051959 0.593943287768046
0.0468282244703729 0.207167310469264 0.0703489784488883 0.675655486611475
0.000258193292999704 0.281210449343433 0.00383078328435637 0.714700574079211
0.000304812453960455 0.0234610016059025 0.00146385402334791 0.974770331916789
0.00247699582148965 0.302569998841271 0.00970079154652645 0.685252213790713
0.0032393532390812 0.776195547641809 0.0186095420304472 0.201955557088663
0.00632532152353886 0.599280522496401 0.0111903245910502 0.38320383138901
0.00020929243951571 0.277231253645898 0.00361928467334655 0.718940169241239
0.000231425767990334 0.239663602650193 0.00432667972234601 0.75577829185947
0.000752607182785289 0.427008088111482 0.00503613465354082 0.567203170052192
0.00363304518406847 0.350076802089196 0.0497525189740336 0.596537633752702
0.00025512132395703 0.57668003844082 0.0091125113682995 0.413952328866923
0.053100626030431 0.487503582715215 0.181646555662453 0.277749235591901
0.00265675765706547 0.458116225480575 0.0809581693638006 0.458268847498559
0.000228750168946991 0.289367997514886 0.00214943019633711 0.70825382211983
0.00199559366886329 0.623725113129321 0.00949397529976597 0.36478531790205
0.00189064113859645 0.687343490782099 0.0212335924695578 0.289532275609746
0.0900491459934181 0.344053646533048 0.281032928306634 0.284864279166901
0.00025744108179321 0.494207888835779 0.00262424140614109 0.502910428676287
0.0254362646121067 0.461204012024599 0.0457572482387031 0.467602475124591
0.000277516726816151 0.552494132176867 0.00724671486400793 0.439981636232308
0.00995767320785709 0.570029817951409 0.00249874927240075 0.417513759568334
0.0051416790934663 0.485333638739659 0.0182003366907723 0.491324345476102
0.000636703480686023 0.520738467350573 0.019276875209938 0.459347953958803
0.000105982339738214 0.000523595205664287 0.000159907217153968 0.999210515237444
0.00144611853883844 0.250791114473299 0.00768704888202727 0.740075718105835
0.00160805382923984 0.44654219765335 0.00475103538012097 0.547098713137289
0.000410864669150788 0.251607822349419 0.021397103863844 0.726584209117586
0.00597749796255601 0.541837683574262 0.0275310973515855 0.424653721111597
0.00413450149539829 0.576253349724878 0.0160654230272199 0.403546725752503
0.000919695239252214 0.812477055930764 0.000373737087253281 0.186229511742731
0.00371069156797334 0.620875637767692 0.00519896082316983 0.370214709841165
7.7807195348037e-05 0.00179618629212097 0.00032474392004266 0.997801262592488
0.000220307195175184 0.690455140663788 0.0084014462572438 0.300923105883793
0.00538340961180241 0.573280098170536 0.0101504034924751 0.411186088725186
0.000274295837484604 0.581003658458239 0.0131265572345159 0.405595488469761
0.000226737041791782 0.273698420898626 0.0005636043860508 0.725511237673531
0.00621476702277277 0.398472399653567 0.135151349229269 0.460161484094391
0.00291262069601086 0.530033743092347 0.0052426097901971 0.461811026421445
0.000426628942637954 0.334160788493936 0.00414782280224859 0.661264759761177
0.00339859802129271 0.454642655595151 0.00761793314557942 0.534340813237977
0.00695765485273965 0.672830713417889 0.0150086742280149 0.305202957501356
0.000382606260431663 0.624151223229016 0.00100257136488978 0.374463599145663
0.000229168115550884 0.526206498151408 0.00497888106598988 0.468585452667051
0.00643185559708798 0.772889927285094 0.00923512694518198 0.211443090172636
0.0135295295064957 0.329682893114836 0.0489907350026518 0.607796842376016
0.000262895820190659 0.00215737597612643 0.000573177012528531 0.997006551191154
0.00565374403006643 0.559527328516369 0.0231492043152773 0.411669723138288
0.0172848446638214 0.580386464993427 0.0314969147881035 0.370831775554648
0.000632766523793656 0.281799447199565 0.272860938967608 0.444706847309034
0.00105147325378457 0.338205245746862 0.00928949457919834 0.651453786420155
0.000254757576077434 0.163759678436372 0.0494690784110468 0.786516485576504
0.0118667848009784 0.59449188577599 0.0422014018463524 0.35143992757668
0.00183063880357577 0.209149270535486 0.00448241651961669 0.784537674141322
0.00395308815944806 0.789471297971783 0.0101185158231515 0.196457098045618
0.00100192011133559 0.531842259595453 0.00498880478552858 0.462167015507683
0.00165104508973817 0.273192464210454 0.00482199545162714 0.72033449524818
0.0398123324917176 0.490792923867671 0.0461888503366959 0.423205893303915
0.00308483921400587 0.689085637616476 0.00203806751424823 0.30579145565527
0.00540120238584261 0.573281586283468 0.0118481194033433 0.409469091927346
0.00023665771658199 0.475019594655303 0.00599814440519899 0.518745603222916
0.00424212716498599 0.665296059601324 0.0299453794248122 0.300516433808878
0.00444396492484429 0.384628992305557 0.0173758220771784 0.59355122069242
0.00583434995702063 0.44784576778738 0.0195566254756491 0.526763256779951
0.000728210653998033 0.522536913201918 0.00625406526700028 0.470480810877084
0.000109604447627242 0.000987533525390321 0.000109597820835362 0.998793264206147
0.000303417036835073 0.82758390043146 0.0060345390192241 0.166078143512481
0.000191280105351524 0.441914667712102 0.00363691936613033 0.554257132816416
0.00128707395470021 0.436477815124186 0.00478694847343362 0.55744816244768
0.000889437654186038 0.663171234755629 0.0024866385485066 0.333452689041679
0.00998268039681588 0.501461242282407 0.0636882954690411 0.424867781851737
0.00568361569540483 0.689413551901128 0.0144557442910212 0.290447088112446
0.0612252351058906 0.396151834466866 0.123138032717555 0.419484897709688
0.142624160973589 0.339655672009413 0.0421005987142221 0.475619568302776
0.000267813279591227 0.237674239576578 0.00299381569314592 0.759064131450685
6.30182727163879e-05 0.00327727431372212 0.000383320129575541 0.996276387283986
0.000276555219639997 0.630062426342379 0.0145926065562718 0.35506841188171
0.000199661188527478 0.585734567755568 0.00622087407381016 0.407844896982094
0.000996822194029087 0.413180926069414 0.00720278379650161 0.578619467940055
0.000220891309314526 0.408171430989862 0.00589353099610136 0.585714146704722
0.00522110519345149 0.554240040582829 0.0367491407399633 0.403789713483757
0.000248982939591205 0.646527409650983 0.0103603428184069 0.342863264591019
0.0162324685131593 0.32424949099687 0.0452698782921404 0.61424816219783
0.000250586205979768 0.501731985055793 0.00300590968802186 0.495011519050205
0.000202402610016617 0.671564456462788 0.00245795417618414 0.325775186751011
0.00280790284978675 0.7185434358268 0.00659593494016987 0.272052726383244
0.00395494657289663 0.587858043996396 0.0113147871168976 0.39687222231381
0.00390098436002968 0.558028017544073 0.0243455702890606 0.413725427806837
0.0018130872313949 0.540023889699631 0.0238739429604161 0.434289080108558
0.0102628197213738 0.497127498252417 0.0275101234868529 0.465099558539357
0.000664228189008401 0.398955787583261 0.0100014447367804 0.59037853949095
0.00233838820318108 0.595776690334676 0.00730973420859647 0.394575187253547
0.000225780754084532 0.633078391122117 0.00423979690991455 0.362456031213884
0.00129943997528278 0.343215032611762 0.0131959060348805 0.642289621378075
0.000235134787721362 0.494656417714071 0.00423498261333508 0.500873464884873
0.000234152586223886 0.475475051176634 0.010014398328578 0.514276397908564
0.000256668732556052 0.304750376924051 0.0112194734950784 0.683773480848315
0.00401729499181314 0.429458237713278 0.0421240970246144 0.524400370270294
0.00706434184507747 0.623444955076565 0.00781132927167528 0.361679373806682
0.00017284270032204 0.0191337322580188 0.00132966224223872 0.979363762799421
5.50783471652276e-05 0.00132325351789684 6.19953194026877e-05 0.998559672815535
0.00222137192307559 0.546382343665935 0.00105430154616214 0.450341982864827
0.000216651561587024 0.719279273374041 0.00267876312149795 0.277825311942874
0.000239966554805493 0.294125583741591 0.00143488531707317 0.70419956438653
0.000441764181229041 0.670187078364048 0.0153766723069467 0.313994485147776
0.0040384166446203 0.588992986832902 0.00518792883244895 0.401780667690029
0.00024683495891737 0.338275037496524 0.00149282716205017 0.659985300382508
0.0015217783282622 0.246094918049473 0.0455539988799574 0.706829304742308
0.00280928640034172 0.487318942868738 0.0127778988474299 0.497093871883491
0.000280039127295782 0.240909050588656 0.00709161176510854 0.75171929851894
0.000545269958813846 0.140632336343476 0.659677789867884 0.199144603829826
0.000439543139399998 0.346046108644769 0.0144336091270807 0.639080739088751
0.000356606863243435 0.0399621133368121 0.0079778462127461 0.951703433587198
0.000376863086393314 0.322628278197441 0.0227418280090633 0.654253030707103
0.000398485635642877 0.264442063960441 0.00127172805374526 0.733887722350171
0.00165078603533657 0.758633651586678 0.00981554702647168 0.229900015351514
0.00600278047067291 0.662692174547578 0.0144217509763151 0.316883294005434
0.00263520970635156 0.551988303898917 0.0794238761950935 0.365952610199638
0.00325557268488836 0.57001386996779 0.031839129483784 0.394891427863538
0.000198492256648774 0.176142654905671 0.00204530690123679 0.821613545936443
0.00019683930106994 0.0279660944374738 0.00051281315110268 0.971324253110354
0.000302618568441416 0.36584097410469 0.0275115456236814 0.606344861703187
0.00582010469340014 0.725163074987249 0.00704455658622048 0.261972263733131
0.0228405255059426 0.609633755590157 0.174070219950811 0.19345549895309
0.000129338293873356 0.0684548628174669 0.00166910421138055 0.929746694677279
0.0010078656202658 0.579349794378325 0.00419801601745949 0.415444323983949
0.000880787027560031 0.454076580369885 0.00369373373357319 0.541348898868982
0.00388639535334189 0.243977500938155 0.00967521442285522 0.742460889285648
0.000225658132922635 0.351710988900093 0.0057869539352664 0.642276399031718
0.000310891086292361 0.119598782438561 0.00436553871446251 0.875724787760684
0.000281156077841133 0.625275241921175 0.00617436085295746 0.368269241148027
0.00024317985744972 0.296919433899575 0.0618038281722839 0.641033558070691
0.00326280824314384 0.670156453689533 0.0230179603813371 0.303562777685986
0.000202623451633735 0.73083614192892 0.00281069347521414 0.266150541144232
0.000508053650851758 0.0378870946152441 0.00382354119447681 0.957781310539427
0.00236971889994584 0.544692408230774 0.0223887543893097 0.430549118479971
0.000221336951683503 0.554956207203368 0.0112639728754972 0.433558482969451
0.00184804766155796 0.200733919987531 0.0180009548527414 0.77941707749817
0.00288025988680054 0.507453862503812 0.0167952107981167 0.472870666811271
0.00295693154500477 0.470899480596064 0.00660079519641022 0.519542792662521
0.00127386052832138 0.402282264825467 0.00582676757221175 0.590617107074
0.00117849891124904 0.247883237733499 0.00150373656261568 0.749434526792636
0.00507137957706696 0.535641056874436 0.0151599376977043 0.444127625850793
0.00027704910681734 0.379254699872326 0.0108512905605346 0.609616960460322
0.00200632249935178 0.342411529272426 0.0034605606432546 0.652121587584968
8.11741838699421e-05 0.00100880999409516 8.11705667216507e-05 0.998828845255313
0.00841586995917183 0.624864526491042 0.0133160252847336 0.353403578265053
0.000174134470566954 0.549814628526215 0.00294019721335119 0.447071039789867
0.000344324087706408 0.56118909467974 0.0220336471177986 0.416432934114755
0.00183981926620939 0.576216952757489 0.00712515275189358 0.414818075224408
0.000373910081067496 0.523774752970835 0.0143427447934448 0.461508592154653
0.000291442223569256 0.402802904964654 0.010060771847766 0.586844880964011
0.00640746889054962 0.352256377535133 0.152520454251155 0.488815699323162
0.000478273788152773 0.0198977949899744 0.0116269795909303 0.967996951630943
0.000197132845203104 0.506734712798024 0.00888996042358063 0.484178193933192
0.00262498789471808 0.448287007633207 0.0166977462805274 0.532390258191547
0.000229875879651289 0.418943304154204 0.00411155979310896 0.576715260173036
0.00470171956222348 0.684581528584453 0.00655540664953808 0.304161345203786
0.000790789206132771 0.465696923813569 0.0053625217510472 0.528149765229251
0.00226207245102917 0.143780695442542 0.0173469260575237 0.836610306048905
0.000207220938443103 0.828893510063044 0.00105228451177387 0.169846984486739
9.06415745193941e-05 0.000427756424186949 9.06433220141411e-05 0.99939095867928
7.16344897405211e-05 0.00571863485433498 0.000529100360785089 0.993680630295139
0.0177949269374222 0.660698265256535 0.0652069721083527 0.25629983569769
0.000165734498477287 0.144308452592665 0.00319662547117065 0.852329187437687
0.000201308864616711 0.238418576029048 0.00490025578570297 0.756479859320632
0.000302379625301482 0.0110295651352145 0.0173800781694892 0.971287977069995
6.25178466063572e-05 0.00174709254317361 0.000296969846632965 0.997893419763587
0.000198147219679762 0.510555293262667 0.00985576891907633 0.479390790598576
0.00334821322190425 0.0324603117517121 0.0563003522906402 0.907891122735743
0.00219357473768387 0.699657761518249 0.0112172855804242 0.286931378163643
0.0106297947396484 0.647165072372094 0.0147265766479874 0.327478556240271
0.0240462101798204 0.657517382688739 0.0180423496214034 0.300394057510037
0.0198223599809178 0.462615975978979 0.0774330346017615 0.440128629438341
0.000343624455647499 0.363852751991137 0.0349421390361347 0.600861484517081
0.000241360329481303 0.595343477218743 0.00559586550714763 0.398819296944628
0.000377532886237101 0.00210278362715762 0.00024529798842835 0.997274385498177
9.51587570040852e-05 9.95797201490901e-05 9.5184806575388e-05 0.999710076716271
0.000112413526850885 0.0179778976764065 0.00147820438931422 0.980431484407428
0.000219016901698383 0.0155412669176759 0.00679875598073146 0.977440960199894
0.00299826166815912 0.332960709836113 0.00751582975079255 0.656525198744935
0.000735495790402577 0.604175112277739 0.110229070283745 0.284860321648114
0.00194605192545401 0.0972970556691242 0.0128271721307528 0.887929720274669
0.00124657635465374 0.88019298838843 0.00506964143750844 0.113490793819408
0.000542761373525476 0.720450517952985 0.08051038626593 0.198496334407559
0.000108556384053084 0.000526824848557883 0.000145599617704843 0.999219019149684
0.00424583011141602 0.476400148431516 0.0131412170199172 0.506212804437151
0.00103811471118995 0.140960375122351 0.00298712733677047 0.855014382829688
9.34593061600928e-05 0.000615186933097594 0.000420144983119526 0.998871208777623
0.0151376692995315 0.33445215914761 0.103573741221506 0.546836430331352
0.00412095080854359 0.497697942607929 0.00381671374577443 0.494364392837753
0.000434951860274833 0.307999742314141 0.00664928377362552 0.684916022051959
0.0129515770426791 0.624962463712624 0.0117599774671658 0.350325981777531
0.000252882444434408 0.561843640161763 0.00409584745514788 0.433807629938655
0.000488664364508289 0.403430231480632 0.0143560036038922 0.581725100550967
7.10903123210116e-05 0.00083379944410044 7.10867213432361e-05 0.999024023522235
0.000193369379053211 0.671156476614255 0.00315841263983373 0.325491741366858
0.000122059942472323 0.00565877716187253 0.000836408110011101 0.993382754785644
0.00106765236812087 0.600221316461077 0.00586306907993597 0.392847962090866
0.00612951060370431 0.724628391441665 0.0180817137356875 0.251160384218943
0.000186849978189151 0.510761965671745 0.000538788032986468 0.488512396317079
0.000686852237616886 0.284226611501317 0.17310816758727 0.541978368673795
0.000183583553104659 0.621595917982398 0.00163342340780567 0.376587075056692
0.000245130518549358 0.265835860484437 0.00496147365341195 0.728957535343602
0.00258371589487105 0.642958361622014 0.0101330752190339 0.344324847264081
0.00373469102181229 0.672685507288747 0.0112780282482617 0.312301773441179
0.00022655404000417 0.118518311208883 0.0016745785697136 0.8795805561814
0.000252937011279364 0.573066988051486 0.00599168879053824 0.420688386146696
0.000281263199079629 0.486000411220559 0.029777468363135 0.483940857217226
0.000300183145168033 0.347478426870226 0.00666678270441907 0.645554607280187
0.000211662166891737 0.000755907643156271 0.000314552029427657 0.998717878160524
0.0107486004645878 0.45836302856041 0.0355458097418894 0.495342561233112
0.00205863317629301 0.349377527454819 0.0063352151756253 0.642228624193263
0.000865718972254756 0.348792677662237 0.00880885840977845 0.64153274495573
0.0024837531950732 0.438749987562851 0.0158257017183773 0.542940557523699
0.000679488677949896 0.443988898904075 0.00417876653453462 0.551152845883441
0.000203330731892219 0.383512620073216 0.00184934638032634 0.614434702814565
0.000333334504430079 0.351707892910168 0.114840670036606 0.533118102548795
0.00176059450211217 0.0263267433258969 0.0051038986068493 0.966808763565142
0.000196997098157616 0.601597849567534 0.000262242136021585 0.397942911198287
0.0296952088189244 0.511955647844177 0.102499282105778 0.35584986123112
0.000294064552146833 0.790148042840084 0.00481973780009191 0.204738154807678
0.00222281834600881 0.463504269530523 0.021197118521653 0.513075793601815
8.69344385649135e-05 0.00212070220010347 0.000724789957081882 0.99706757340425
0.000318527442529452 0.489888654983324 0.0268136409460859 0.482979176628061
0.000307725841886423 0.553124849168943 0.0130761578806026 0.433491267108568
0.000814500601421288 0.549710744399791 0.020764696630722 0.428710058368066
0.000211016045856381 0.341006993228146 0.00397845172571836 0.654803539000279
0.0680876090349939 0.540844952604651 0.0307558808975628 0.360311557462793
0.00785814891060887 0.698744894246143 0.0110310836549936 0.282365873188254
0.00767493376327472 0.362752751290994 0.00850311478435072 0.621069200161381
0.0378895082986219 0.595952723996711 0.0920618201189624 0.274095947585705
0.0166242113210375 0.0319748306811226 0.792808399696693 0.158592558301146
0.00024066888993877 0.598521125738745 0.00113720468806916 0.400101000683247
0.031411616311728 0.558935305784107 0.0310217170871577 0.378631360817008
0.000248498579816927 0.635712505759584 0.00317369981456183 0.360865295846037
0.0143371021665009 0.653764857558888 0.0104923180857746 0.321405722188836
0.000288718569237533 0.36279654201242 0.0108739555923765 0.626040783825966
0.000578329266114958 0.296925272352397 0.0704085629421036 0.632087835439384
0.00326437759691665 0.773652441643115 0.00251862053352259 0.220564560226446
0.000226144900111989 0.753184069767838 0.00151376043947879 0.245076024892571
0.000258775912066103 0.737890040884412 0.00468437602104344 0.257166807182478
0.0406734085049053 0.146583136285617 0.042561948317504 0.770181506891974
0.000170056169473858 0.485121353573839 0.0089310311331225 0.505777559123565
0.00530435875753169 0.707944332350887 0.00893394002212546 0.277817368869455
0.0050325755371076 0.394556491728531 0.0847904096715617 0.5156205230628
9.0652307694532e-05 0.00160157959696361 0.000386164977770763 0.997921603117571
0.00192482135693384 0.405633051888419 0.0101235989141028 0.582318527840544
0.00277965590590141 0.52977356045586 0.00439203145267587 0.463054752185562
0.000467905392767114 0.630506950886343 0.0045086659649395 0.36451647775595
0.00167736682067118 0.622984879386648 0.00757542762064311 0.367762326172037
0.000852503880506374 0.429029758347747 0.426292030387054 0.143825707384693
0.000290683096356478 0.660439464577969 0.0101228609674847 0.329146991358189
9.46595153381339e-05 0.00117671570672321 0.000230637542931005 0.998497987235008
0.00108670245668804 0.136378393463705 0.00889131684840359 0.853643587231204
0.000202187300282044 0.158620580494602 0.0023038687619197 0.838873363443196
0.0401080177247675 0.380442533811354 0.0267322089271698 0.552717239536709
0.00507124135768879 0.71138916905158 0.00649303721534887 0.277046552375382
0.00962257755570466 0.537259102305211 0.0723213943116646 0.38079692582742
0.00452139615202319 0.622767706837798 0.011834181170391 0.360876715839788
0.00420626055059029 0.578707952031438 0.00670740457264018 0.410378382845331
0.00182335020330466 0.656542181854287 0.0052128296066628 0.336421638335745
0.00335862323148935 0.472525140618814 0.00400229106921066 0.520113945080486
0.0011714852580689 0.509949628862536 0.00848726212148301 0.480391623757912
0.00181251979972606 0.312772153265544 0.0159308467266414 0.669484480208089
0.000264254105586983 0.582671243890064 0.00168300929538531 0.415381492708964
0.00147123298186937 0.694677699986897 0.0536296470719193 0.250221419959314
0.00121525394348811 0.326809913755982 0.0105540372486951 0.661420795051835
0.0125930281139887 0.545509871124124 0.00990781252831096 0.431989288233577
0.00383841963483576 0.733993521845329 0.0127722706106727 0.249395787909162
0.00547917166177507 0.457035998184679 0.0318857686543145 0.505599061499232
0.00158124309930173 0.17036179014399 0.0252389940385846 0.802817972718123
0.000291243494409431 0.533767532402104 0.0146614064216518 0.451279817681835
0.00394130537693014 0.722791973445581 0.0107762330887458 0.262490488088743
0.000726692145487342 0.400258240869875 0.445105330857856 0.153909736126782
0.000163513293176617 0.191162185745447 0.000858245636253184 0.807816055325123
8.13814598115273e-05 0.00120529687614943 0.000430928338071379 0.998282393325968
0.000633464673505758 0.415244684266893 0.00485224909784957 0.579269601961752
0.00333830491699256 0.580974831484174 0.00854089589737691 0.407145967701456
0.000262804273497561 0.396895349061152 0.00443176476602145 0.598410081899329
0.000130625552774729 0.0337466583787671 0.000867344564758059 0.9652553715037
0.001602496038143 0.295281410006102 0.0356612606318772 0.667454833323878
