0.000423697002070792 0.515474368453755 0.00664891179804471 0.47745302274613
0.000419632938791272 0.660647609401265 0.0179825578687437 0.3209501997912
0.0552532955562546 0.44072784236542 0.142487739861378 0.361531122216947
0.00342016454874344 0.450628262227313 0.0168345313458222 0.529117041878121
0.000224117791877767 0.503665832300093 0.00471460684282898 0.4913954430652
0.000462556650215801 0.609599237650677 0.130147479399353 0.259790726299754
0.000720066151718657 0.799728534495972 0.0227685271662065 0.176782872186103
0.00031074234420414 0.624164135466994 0.0575772090639128 0.317947913124889
0.00179892906882284 0.575742346631695 0.0141515662276058 0.408307158071877
0.0002175373320467 0.674928271558048 0.00147176134347365 0.323382429766432
0.00232795561998988 0.745563718489076 0.0210188801046684 0.231089445786266
0.000325001794310975 0.597893124512192 0.0224454545294343 0.379336419164063
0.00547419079578456 0.553336600001833 0.00938471561236286 0.43180449359002
0.000213795857421781 0.167558613925238 0.00134555392279075 0.830882036294549
0.00216165856045602 0.460892538549779 0.0145938508868625 0.522351952002903
0.00136314234960893 0.489931084718669 0.00539829402026945 0.503307478911453
0.000184983649555775 0.0421584487674266 0.00230098788699826 0.955355579696019
0.000257676993541869 0.626820225078053 0.00995667193124485 0.36296542599716
0.00242578533362304 0.41906285074014 0.0418112973947008 0.536700066531537
0.00313577651724398 0.549227851606773 0.0200393778513181 0.427596994024665
0.00804080690319342 0.727363849756357 0.0366027086128289 0.22799263472762
0.000279412349937307 0.475442597993918 0.00427776798224543 0.520000221673899
0.0106287308093592 0.358712799723574 0.164352779006058 0.466305690461009
0.00546235936906759 0.566480760895685 0.00484339877431382 0.423213480960933
0.00263642346464172 0.586802967953331 0.0078856889681335 0.402674919613893
0.00094925714800727 0.82378266875696 0.0231484832605285 0.152119590834504
0.000230365263015777 0.785535510435405 0.00453741886576606 0.209696705435813
0.00021159267846488 0.717264017825288 0.00636521444784438 0.276159175048402
0.00103325810694116 0.412181358188937 0.00452197114684624 0.582263412557275
0.00235618545175532 0.581837554250318 0.00949614720656892 0.406310113091358
0.000217924747213374 0.358523719228103 0.00366522768676915 0.637593128337914
0.0108271499539241 0.402220780528603 0.0246979033580597 0.562254166159413
0.000621517566021691 0.114060287950773 0.00389227844529423 0.881425916037911
0.000286463251147009 0.298606796795389 0.00204633733137101 0.699060402622093
0.022166835181702 0.717408101380046 0.0103637143288775 0.250061349109374
0.00022604527258549 0.636756303589231 0.00576358416765794 0.357254066970525
0.00536939731920714 0.684504899181191 0.0145646309154078 0.295561072584194
0.00024850994293849 0.595247560131184 0.00183016999863938 0.402673759927238
0.000305927940614386 0.317637062920751 0.00577289387917281 0.676284115259462
0.000990349295920492 0.295141018423608 0.00215570773264975 0.701712924547822
0.00186612432286289 0.209703445563448 0.0081254063114572 0.780305023802232
0.000204375466304544 0.449251821847428 0.00326897045368714 0.54727483223258
0.00320189669347207 0.545982804223553 0.0324088151441346 0.418406483938841
0.00982607179400448 0.547687712240818 0.0156126203152765 0.426873595649901
0.000263506341986402 0.54720233973248 0.00686181035812436 0.445672343567409
0.000418482827324753 0.385517691329668 0.025180776055598 0.588883049787409
0.0111854633380618 0.722658445453643 0.0204999921028757 0.24565609910542
0.00111976139793118 0.277708909812042 0.265448172406569 0.455723156383458
0.000290493471317743 0.374974236625192 0.0162942029392335 0.608441066964257
0.00822353877933816 0.545924292387745 0.00805909378729637 0.43779307504562
0.00221309252194648 0.609039354081564 0.0176923868107878 0.371055166585701
0.00307462340603511 0.447129646000997 0.0113929050523795 0.538402825540588
0.000213923322484872 0.438621470471371 0.00196556309108437 0.55919904311506
0.00359844826157074 0.697567639167598 0.00312113710625981 0.295712775464571
0.0042198853954619 0.603113443424112 0.00511037792082192 0.387556293259604
0.000793976579931751 0.61731680971409 0.00388714907694667 0.378002064629032
0.00540345709920137 0.602608320785819 0.005791312237969 0.38619690987701
0.00642623630750685 0.330688914995358 0.0337455358810738 0.629139312816062
0.000458582195877182 0.704835156627931 0.00981028752797227 0.28489597364822
0.00114627771040948 0.531503048703336 0.0124916110234863 0.454859062562768
0.00711094929190914 0.678681855893612 0.00595355432349068 0.308253640490988
0.000267808401406444 0.436460510563264 0.00464716231809507 0.558624518717234
0.00120476302502649 0.149903588808834 0.198568103837451 0.650323544328689
0.000463253282829754 0.354359505484849 0.00312394197570821 0.642053299256613
0.00152217597979134 0.580456229368768 0.00751415543269033 0.41050743921875
0.0043377369314487 0.706205254237446 0.00673258483323157 0.282724423997874
0.0603970983461678 0.242688179975842 0.121068510696844 0.575846210981146
0.00236324928311051 0.462770051543162 0.019258537384579 0.515608161789148
0.00275383292766224 0.635455014445265 0.00452775486907858 0.357263397757994
0.000245263072377171 0.802634202901951 0.0129179870868575 0.184202546938814
0.00555049848968543 0.432560054217916 0.0164334009378528 0.545456046354546
0.000705723471881772 0.581829057441151 0.000719172605201101 0.416746046481766
0.00029111401741653 0.524012629250622 0.02038798462797 0.455308272103991
0.00022619080964147 0.316318129094193 0.00325253763525283 0.680203142460912
0.119345578738768 0.487039978588873 0.00747906249151518 0.386135380180844
0.00755512503979246 0.664548416553426 0.0547407552019961 0.273155703204785
0.0122651818982942 0.548823760931406 0.0405003874525827 0.398410669717717
0.000710500792278456 0.370524271748488 0.00995749959166757 0.618807727867566
0.00030319767353984 0.551243638969396 0.00783294840297105 0.440620214954093
0.00032529558166809 0.0382013960259495 0.0421486431124025 0.91932466527998
0.000273661001748482 0.783134236759937 0.00741415841411409 0.2091779438242
0.000276493580137729 0.526889210211232 0.0164381333971986 0.456396162811432
0.000223034804030938 0.555990320888733 0.00182366061509875 0.441962983692137
0.00448313786464949 0.696527518637986 0.0184391547895485 0.280550188707816
0.000624463300130114 0.44058097063071 0.00542164797547129 0.553372918093689
0.00717984544034358 0.750215321824965 0.0154511440230409 0.227153688711651
0.00026750363205596 0.240962798213519 0.00258904068112103 0.756180657473304
0.00020642344052043 0.546051901707453 0.0038397134067389 0.449901961445288
0.00403527811782695 0.602539422368971 0.0136146205364524 0.37981067897675
0.00103688888738817 0.50278461769643 0.0166691004604295 0.479509392955752
0.000213451823866462 0.430061177475815 0.00197660212104123 0.567748768579277
0.000248020249777653 0.352620424557469 0.00222585102665627 0.644905704166098
0.000269797582090872 0.335902450305097 0.151046350894367 0.512781401218446
0.0108881854433662 0.572341581490361 0.0246938302491628 0.39207640281711
0.000287167777958234 0.469339507245561 0.00663149676023551 0.523741828216245
0.00457559695484141 0.756829531752702 0.0158845771894287 0.222710294103028
0.000267566198160273 0.289016357147982 0.000585832173068962 0.710130244480789
0.00385752361760127 0.587806094499888 0.0239660644856907 0.38437031739682
0.00231877963892771 0.445990823457304 0.0145100185631285 0.537180378340639
0.000679483081208123 0.505290523182821 0.0236225852995359 0.470407408436435
0.00137798184527373 0.52835056350357 0.0143186955433026 0.455952759107854
0.000243275264309162 0.486481678428541 0.00252276045539056 0.510752285851759
0.00023278783806551 0.539464375890968 0.00787227500546148 0.452430561265505
0.00317211038932632 0.540946953427787 0.00494302183654463 0.450937914346342
0.000515708224924063 0.578704893803318 0.00422192779982211 0.416557470171935
0.0111664680471042 0.468247052793352 0.0830596507350729 0.437526828424471
0.00022450610856073 0.540007600825965 0.00209869880085467 0.457669194264619
0.0142820188642275 0.497978868831126 0.101212461340085 0.386526650964562
0.00025241389662122 0.473349205570823 0.00805852205236926 0.518339858480186
0.0107877139264493 0.562542320753231 0.0873222082241744 0.339347757096145
0.00444151436808707 0.730720849892968 0.00617855351645182 0.258659082222493
0.000230495558601988 0.498098599429848 0.00795213701400219 0.493718767997548
0.000252773471109541 0.412642165550404 0.00191457193929118 0.585190489039196
0.00132511151046161 0.572616503022616 0.0649487340113003 0.361109651455622
0.000436899609780793 0.189953869569141 0.00409663398527458 0.805512596835803
0.000230278974947793 0.18156627519159 0.00246524441711716 0.815738201416345
0.0212136670500538 0.486086142118141 0.00327394907958641 0.489426241752219
0.00320317118428181 0.556123768716926 0.0322528561916261 0.408420203907166
0.000226468649772166 0.57049901842455 0.00300225216583574 0.426272260759843
0.000262329652097433 0.555905376834979 0.0145849654369852 0.429247328075938
0.00084254521154283 0.379575967797187 0.00704959865506094 0.612531888336209
0.00251571000797109 0.454467644524357 0.00992484386612073 0.533091801601551
0.000183695708634352 0.588363330240643 0.00660819036485466 0.404844783685868
0.000192892714142734 0.468698681360848 0.00107437559352262 0.530034050331486
0.00028787273021616 0.551124159327805 0.0248867509843636 0.423701216957615
0.0123073424218939 0.481492934174861 0.0527405252307598 0.453459198172485
0.00043390453941927 0.666117728473084 0.00696795120257918 0.326480415784917
0.00917636554026086 0.833135286894267 0.0107390359164934 0.146949311648978
0.000220886364267544 0.610360023652663 0.00645989929915817 0.382959190683911
0.000213099733622965 0.588777950307342 0.00180853145477649 0.409200418504258
0.000220187285007249 0.667387208166399 0.0128131303584702 0.319579474190124
0.000237289569606591 0.541158010087819 0.00649637821793125 0.452108322124643
0.000241250620088823 0.541773370972252 0.00478637283108523 0.453199005576574
0.000668539086511556 0.45932549304111 0.0043991970285903 0.535606770843788
0.00784313614308488 0.404322964937223 0.0469266628587935 0.540907236060898
0.00139059615243769 0.619361805613765 0.0101312717020099 0.369116326531787
0.000895048064138578 0.606127445134541 0.0320837664732795 0.360893740328041
0.00020891694837425 0.708150707554786 0.0122546956037286 0.279385679893111
0.00156890771125997 0.467796606568476 0.00532824756412221 0.525306238156142
0.000284529174322829 0.34960643581881 0.103404222847788 0.546704812159079
0.00167532897683474 0.5162881307869 0.00324877822907191 0.478787762007193
0.00593678349373634 0.697454339799833 0.0104565179120229 0.286152358794408
0.00135716087499132 0.560849961949739 0.00126786525571981 0.43652501191955
0.00347871530694899 0.707615875917859 0.075939933761374 0.212965475013818
0.00281180846840771 0.360401458354846 0.00238227414393465 0.634404459032812
0.000283252284927796 0.633061633135191 0.0355901988868368 0.331064915693044
0.000646413014313643 0.658349308941171 0.00473414403683495 0.33627013400768
0.000253072962613662 0.204112770044947 0.00718577100892383 0.788448385983515
0.000218678417622048 0.4767188469655 0.00244366568372758 0.52061880893315
0.00113173665413559 0.602380981980921 0.00404245244799523 0.392444828916948
0.000385231774428049 0.517850691063813 0.0298815554838792 0.45188252167788
0.0146478587132281 0.559340262555249 0.0175645726239691 0.408447306107554
0.010107205691695 0.52314345746405 0.0176687558143914 0.449080581029864
0.00146535284855211 0.172303776916056 0.00816835548883297 0.818062514746559
0.000407574892236679 0.371397108415581 0.0542466150758368 0.573948701616345
0.000658753333989367 0.440621187997218 0.00455301891331972 0.554167039755473
0.00357213782692372 0.766276625423614 0.00497803452014966 0.225173202229312
0.000218151845190747 0.62546037221359 0.00529012723613309 0.369031348705086
0.000176509255960751 0.550097846322264 0.00551784265810636 0.444207801763669
0.000177602801280082 0.16106230396675 0.000659029943455453 0.838101063288514
0.000801169630772492 0.509277606426498 0.00527711338097444 0.484644110561755
0.000603996636868247 0.527907405318692 0.00550232932840324 0.465986268716037
0.000244758848596292 0.701210000538155 0.00600511739050936 0.292540123222739
0.000777204088337995 0.262165570518576 0.00269741217651388 0.734359813216573
0.00410601902187717 0.590421816905122 0.00712631780171929 0.398345846271282
0.000214400253360206 0.497170593841197 0.0116588997282279 0.490956106177215
0.00455643792226282 0.612679105589831 0.0155055991707917 0.367258857317115
0.000844158475081253 0.548628685834949 0.00356726182755988 0.44695989386241
0.00155776166179527 0.491064635563372 0.0128904736263004 0.494487129148532
0.00274284972414048 0.701121162081366 0.0163605618849262 0.279775426309567
0.00862316244433793 0.722127708932257 0.0123325933331573 0.256916535290248
0.155402080480319 0.190715349947715 0.549215672862771 0.104666896709195
0.000104816040630481 0.52449217212944 0.00167091955760844 0.473732092272321
0.00504796052934569 0.522640874197812 0.00557427278855188 0.46673689248429
0.000231515826031083 0.52026834405936 0.0106029659858099 0.468897174128799
0.00425998607662562 0.279672283480251 0.0117079369236982 0.704359793519425
0.000251765479524923 0.608960554307998 0.00795305054321109 0.382834629669266
0.000255883290374699 0.524301964478871 0.00397334409275965 0.471468808137995
0.00365020307659311 0.702215398816515 0.0206964877911158 0.273437910315776
0.00939581171847696 0.795619006761684 0.0193289040719124 0.175656277447927
0.00552484709722491 0.62798686379431 0.019630986593384 0.346857302515081
0.0419879650615172 0.606997728759255 0.091375627670034 0.259638678509194
0.00484747823877853 0.58208181367957 0.0177321868515618 0.395338521230089
0.00643382213680673 0.217946435643179 0.0240179044746267 0.751601837745388
0.000218183871585079 0.583306802084282 0.00289599210787517 0.413579021936258
0.000388336945341297 0.340959065679855 0.0446574352585101 0.613995162116294
0.00952030909463085 0.343894615845732 0.0311669979823602 0.615418077077277
0.0104783248803002 0.621964140261192 0.0424143711285649 0.325143163729943
0.000314118403616917 0.49935607130828 0.0193221085931261 0.481007701694977
0.000373040643206127 0.547869790782467 0.00708685563805608 0.44467031293627
0.00842939538764676 0.692809373965786 0.0123895391104369 0.286371691536131
0.00630052282318093 0.634917459035003 0.0173178982414262 0.34146411990039
0.000236398966263249 0.63298504631781 0.0940286671057991 0.272749887610128
0.0148938654439847 0.444339074443871 0.0743209639826014 0.466446096129542
0.000204670121929317 0.740346334529638 0.00298547257506824 0.256463522773365
0.00453017343023253 0.537104425955693 0.0271484440326886 0.431216956581386
0.00453494498647187 0.335732234789543 0.0221441896706885 0.637588630553296
0.00148382194356911 0.62624214957187 0.00718839393657039 0.365085634547991
0.00206020553931655 0.305174373924489 0.00269724021779133 0.690068180318403
0.00209399862396616 0.672057780282736 0.0114938295447504 0.314354391548548
0.00396247356644267 0.608211223411999 0.00902223042492543 0.378804072596633
0.000188701282329386 0.180696292980392 0.000227533501274505 0.818887472236004
0.00125155136576647 0.551030917820404 0.0170436802347049 0.430673850579124
0.000228211866095151 0.50159142074766 0.00784387607768436 0.490336491308561
0.00373726049000948 0.528158555345771 0.00534622287774739 0.462757961286472
0.00167782391986317 0.438607748978306 0.00659864745101315 0.553115779650817
0.000502238808871275 0.0791085150887068 0.777493191417896 0.142896054684526
0.00283114218090945 0.524796581974763 0.0128365607904064 0.459535715053921
0.00249187746785668 0.621310532933225 0.0340817665804562 0.342115823018462
0.00245760157412952 0.460174631144069 0.0241655913129444 0.513202175968857
0.00264475411979989 0.397960999698676 0.00953519883988289 0.589859047341641
0.000255659777671996 0.586577636186448 0.00474187450166479 0.408424829534215
0.00031881755191114 0.407099639582584 0.00436350890988365 0.588218033955621
0.000289681201089865 0.299696908666451 0.0239915698225007 0.676021840309959
0.000207611411561412 0.692773684543951 0.00242532993906736 0.30459337410542
0.00202259651717945 0.113860656790058 0.284310470534872 0.59980627615789
0.00119864097452304 0.779543268782508 0.0189032375468571 0.200354852696112
0.000255658827769549 0.623456435891134 0.00637200166241176 0.369915903618685
0.000484139490331862 0.566959017764179 0.0381294812630775 0.394427361482412
0.00126991535291714 0.12947776094594 0.00887430391646843 0.860378019784674
0.000218644475547725 0.408310902637094 0.00699202463789006 0.584478428249469
0.000243753914499031 0.529424861800196 0.00275347829061918 0.467577905994685
0.000489166496781828 0.617642963075138 0.00483846344554433 0.377029406982536
0.000287362046591377 0.548468821543342 0.0324990806440877 0.418744735765978
0.00308833387720533 0.471672393543649 0.00498009435874598 0.520259178220399
0.0128796170325558 0.653762820477056 0.0553196422446974 0.278037920245691
0.00325187113380664 0.513688232116918 0.0105090046567968 0.472550892092479
0.000133247033428871 0.137475593241624 0.00104967953703228 0.861341480187915
0.000255974135191503 0.475421570425632 0.00123922726320354 0.523083228175973
0.000180990484715113 0.572450861540316 0.000306212685473723 0.427061935289496
0.00175832685051297 0.445092720797709 0.00572758792109131 0.547421364430687
0.0098353148941356 0.432010268955154 0.0396457769420446 0.518508639208666
0.000224086618154247 0.310861434445821 0.00469220972390459 0.68422226921212
0.000265394419430906 0.258824916562636 0.000285267161644373 0.740624421856288
0.00133005554834739 0.360994617668829 0.00483053734450603 0.632844789438317
0.00239999704672359 0.414196423501556 0.00480983020634558 0.578593749245375
0.00066927407781053 0.122595545133803 0.0368023110636941 0.839932869724692
0.000256095133785955 0.593076662381187 0.0153472645624382 0.391319977922589
0.000205230784450299 0.614095579342058 0.00220752985375666 0.383491660019735
0.00576674247626305 0.09016086420331 0.431775347927588 0.472297045392839
0.00316885965424941 0.712362281175131 0.00463035409372104 0.279838505076899
0.00021339515684221 0.602586198449836 0.00475431988411405 0.392446086509208
0.000300352432784414 0.411119741359956 0.0121537402522081 0.576426165955051
0.00338004703724926 0.54721603015678 0.00746354825416157 0.441940374551809
0.000278248177961094 0.316561649649661 0.00903318340125707 0.674126918771121
0.00921188154348205 0.309486867731847 0.202647121696413 0.478654129028258
0.0084571123805636 0.504577152442621 0.0052360771948619 0.481729657981953
0.000269731457341627 0.530862290599966 0.0112395583410809 0.457628419601611
0.0016837592951369 0.732357598184128 0.0119731905690687 0.253985451951666
0.0046644835144049 0.665332719497734 0.0164928613363379 0.313509935651523
0.000218788578748933 0.504643787428815 0.00176099333935085 0.493376430653085
0.00309176314412288 0.635099247609459 0.00491061574595767 0.356898373500461
0.000270467521354242 0.396227277223184 0.00641403435321971 0.597088220902242
0.000269655131549301 0.676398418280113 0.00977947401430857 0.313552452574029
0.000777561404255825 0.575189830716428 0.00896631571071418 0.415066292168601
0.000250916655610167 0.325677067566116 0.00155127744733375 0.67252073833094
0.000266935722343946 0.706650860614922 0.007445956717355 0.285636246945379
0.00468621754088599 0.512339222934719 0.0101092237280178 0.472865335796377
0.00965597748509042 0.655984435348502 0.0110993307250776 0.323260256441329
0.000208679872398807 0.362309341676032 0.00276408630005143 0.634717892151518
0.0135896868196913 0.388742827598507 0.0416256115064798 0.556041874075322
0.000271455375367638 0.510607378139241 0.00294931645138226 0.486171850034009
0.000271203443123501 0.405639544849197 0.00777204882176922 0.58631720288591
0.00689902904158101 0.519949992945728 0.0213325312997167 0.451818446712974
0.0104582280018712 0.688359706000736 0.00900230518881209 0.292179760808581
0.00018371290438079 0.550254813774045 0.00833874073487424 0.4412227325867
0.00126345624841736 0.167761580021883 0.365341635142179 0.465633328587521
0.00186321278030383 0.625205524746224 0.04443044450243 0.328500817971042
0.000440410095661691 0.746963092252544 0.002354534226281 0.250241963425513
0.00260986986295904 0.605080091894293 0.0202775614302253 0.372032476812523
0.0124940372334714 0.573213752916641 0.0300150573546692 0.384277152495218
0.0282509721929383 0.511940133048471 0.0582685293863898 0.401540365372201
0.000271754468731189 0.748701191919506 0.00554921550332488 0.245477838108438
0.00659007427011001 0.431948179059941 0.0108490445486653 0.550612702121284
0.0696587437621069 0.427028786114785 0.107092061100345 0.396220409022763
0.115781010147925 0.61180189014528 0.132564729278283 0.139852370428512
0.00939977738836482 0.661016718504497 0.00379819139827479 0.325785312708863
0.00827480749419768 0.661310999790256 0.0472997760991899 0.283114416616356
0.00129436954047979 0.550471891921699 0.0459909238615746 0.402242814676247
0.000391325136594505 0.644421092849263 0.0397392891132887 0.315448292900853
0.000568200759897628 0.687753130905396 0.00326986715114144 0.308408801183565
0.000197647280907398 0.406158105270429 0.00267352163390632 0.590970725814757
0.0130656533098003 0.535766880654891 0.0158507703682191 0.435316695667089
0.0064451105056034 0.499280249764776 0.0234771422941613 0.47079749743546
0.00210271036531135 0.423873430245659 0.00420158649099459 0.569822272898035
0.016893275688395 0.551990277659877 0.0381976099967557 0.392918836654972
0.000249550939185996 0.650333958832273 0.00241277525088968 0.347003714977651
0.010029384737625 0.484875317954233 0.0262736960336121 0.47882160127453
0.00907850797671832 0.595516358867604 0.0253560791228116 0.370049054032866
0.000391218651666944 0.55534743338465 0.0284552383938944 0.415806109569789
0.00099585546655498 0.743633518882119 0.00396043656172074 0.251410189089605
0.00300740941002003 0.364438830413612 0.0923522816028596 0.540201478573509
0.00698131210369487 0.698120949616311 0.0134037602683161 0.281493978011679
0.000420947099373199 0.368598773964747 0.00141105884660351 0.629569220089276
0.00684467004992218 0.534440755460772 0.0106180149119149 0.448096559577391
0.00693639390377429 0.465316959836323 0.00802769535282965 0.519718950907073
0.00229869923800074 0.614226281807935 0.00636911340645388 0.37710590554761
0.000217387104355677 0.582141329292783 0.00159783803339034 0.416043445569472
0.000222734756614123 0.48424019840327 0.00798345428231406 0.507553612557802
0.00125759896778794 0.778953225298994 0.0139479085502923 0.205841267182926
0.000498559030658938 0.498170963469016 0.00261465906675089 0.498715818433574
0.000228334192360942 0.175067290016264 0.00642727585342652 0.818277099937949
0.000259560370827535 0.821009359902604 0.00463886989307331 0.174092209833495
0.00243719728119378 0.665236949820155 0.0250675143674344 0.307258338531217
0.00258583518172507 0.152327165467591 0.010666166184859 0.834420833165825
0.000231587757450697 0.476315250608843 0.00663187926234171 0.516821282371365
0.00171580509307188 0.440827707424755 0.0191627040457201 0.538293783436453
0.00302039838713796 0.375253776401776 0.0226563083124043 0.599069516898682
0.0138124368305141 0.515323491114447 0.0252915713525792 0.445572500702459
0.00025959981924106 0.401653968790953 0.00906733551177972 0.589019095878026
0.000224554318708917 0.598750681323684 0.00278730719983482 0.398237457157772
0.00354581024785466 0.545540002391768 0.0081027753536093 0.442811412006768
0.0208987589210893 0.551975515606424 0.0046954258911104 0.422430299581377
0.00565513379244049 0.616484503881353 0.0445693451546571 0.333291017171549
0.00754071719053309 0.52775465554121 0.0324087804290205 0.432295846839236
0.00468139779930849 0.596215445722814 0.0235042845311304 0.375598871946747
0.000279834329813382 0.645756474604197 0.00105210264844541 0.352911588417544
0.00292658684936794 0.305101111490479 0.0128439011937458 0.679128400466407
0.000682797839196722 0.404715481827762 0.00237373566106609 0.592227984671975
0.00515391912365746 0.447656821644261 0.0236193236095025 0.52356993562258
0.000223223759943213 0.469897861263755 0.00155897246627804 0.528319942510024
0.00682889287463483 0.380843113013059 0.013505227489325 0.598822766622981
0.00620534626920278 0.299067846380257 0.0150735212454018 0.679653286105139
0.00547196825236408 0.470067076959812 0.0174170384012209 0.507043916386603
0.000275222652666027 0.492991124306333 0.0010532198161758 0.505680433224825
0.00093743814381264 0.607141187219782 0.0021120595967576 0.389809315039648
0.00360480660324169 0.615836664828717 0.0074751367352661 0.373083391832775
0.00419241205688288 0.745373561602256 0.00827562408118417 0.242158402259677
0.000201055862359227 0.418320153669921 0.00158422921988745 0.579894561247833
0.000313039001448347 0.26465099546485 0.00264450741369884 0.732391458120003
0.000211860558915713 0.382496643617569 0.000864893058877736 0.616426602764637
0.00633297518841419 0.332620715298574 0.0740358045970125 0.587010504916
0.000284335783589531 0.586870596537169 0.0103381365864387 0.402506931092803
0.000215836544774801 0.692199890256554 0.00664900094955624 0.300935272249115
0.000238536545556145 0.62620486964885 0.00657850501837933 0.366978088787214
0.000209640975613031 0.328296167572191 0.00397004060841623 0.66752415084378
0.000274331535093643 0.608199790437507 0.0178647875459933 0.373661090481406
0.00665450344171813 0.500152113664592 0.0571314097950145 0.436061973098675
0.00119090661292633 0.490659067453631 0.0326008656863386 0.475549160247104
0.00020533966066451 0.369547540275055 0.0027912624781457 0.627455857586135
0.00187153444678913 0.566689247912847 0.0041686763703739 0.42727054126999
0.00071242518236968 0.405012258978129 0.0143983789116559 0.579876936927845
0.000238905893938754 0.548072883761353 0.0081529319995395 0.443535278345169
0.00468295414106225 0.684241469395836 0.003929755504953 0.307145820958149
0.00867496023996605 0.569655432411018 0.0478653898466127 0.373804217502403
0.00363740913569761 0.579398361051668 0.0288584297361587 0.388105800076475
0.0118753623635888 0.793030130603286 0.0102793013902935 0.184815205642832
0.0530608270801487 0.577883885479687 0.0100746897921117 0.358980597648053
0.0774054149746411 0.23740495079183 0.401450080814356 0.283739553419173
0.00167388568112056 0.579012534502917 0.0127265425112479 0.406587037304715
0.00261921825368913 0.322105805618408 0.00668717989847516 0.668587796229428
0.000312304721997524 0.467554855156266 0.0119538215496688 0.520179018572068
0.00320567926019947 0.528122238462502 0.0139615548978617 0.454710527379437
0.00198192998204812 0.456463738117388 0.0107433384680062 0.530810993432557
0.00119015053811884 0.578277282578459 0.0129117024398837 0.407620864443539
0.00283539819459277 0.238774868861679 0.00301943780300097 0.755370295140728
0.00389860464668246 0.692459008249005 0.0199040519693129 0.283738335135
0.00807742115065079 0.436005945731733 0.0350041895382429 0.520912443579373
0.000207776122939764 0.634283104922326 0.00100894434278404 0.36450017461195
0.000843956998496827 0.403679992565415 0.005250799142031 0.590225251294057
0.00343787768464315 0.591110858171944 0.0317007393763175 0.373750524767095
0.00159849935692184 0.509652786744173 0.0114763928934627 0.477272321005443
0.000637686870307006 0.437816055672577 0.425932744479029 0.135613512978087
0.000273461697990019 0.4509875440893 0.0114224381639696 0.53731655604874
0.00628796650842836 0.675388894290943 0.0172939926893888 0.30102914651124
0.138475493798849 0.300493087771358 0.330768000053769 0.230263418376025
0.00151931945175545 0.322078708819976 0.00840740409847669 0.667994567629792
0.00123914316542633 0.638340856046314 0.0123489821205746 0.348071018667685
0.00184775397089632 0.594820556975451 0.0053906844519923 0.397941004601661
0.000270559403908113 0.561002859224836 0.00216938713448763 0.436557194236768
0.000267510936036427 0.375574731602116 0.00307721926935598 0.621080538192491
0.000865594698348301 0.610331838230705 0.00965652654703939 0.379146040523908
0.00448295632055755 0.322730123260127 0.00829433934594687 0.664492581073369
0.00209105651171938 0.6170041953565 0.0065684655676265 0.374336282564154
0.000760640603519934 0.283336580616035 0.0080075129072503 0.707895265873195
0.000287703123891885 0.432302993241887 0.00939373131990026 0.55801557231432
0.00328992357520165 0.834303471571716 0.00861576838704005 0.153790836466042
0.000253236382889579 0.562815134539348 0.000776304164978892 0.436155324912783
0.000344538157606419 0.629686611182164 0.00353373108564412 0.366435119574586
0.000386343051946747 0.557342053164529 0.0110024087430542 0.43126919504047
0.00335664954496388 0.722754618005814 0.0103993076380749 0.263489424811147
0.000586328231203032 0.514146891039018 0.0483777469212756 0.436889033808503
0.000447298807407069 0.479895676405671 0.00276041911726679 0.516896605669656
0.00190832770110626 0.578910048701903 0.00351425050690551 0.415667373090085
0.00116538092519765 0.367264395874005 0.00400425136534974 0.627565971835447
0.000251387465116353 0.540591380144352 0.00305810244044486 0.456099129950086
0.000294380064240934 0.297500831318428 0.00452562588453691 0.697679162732794
0.00553626653783047 0.475651759961325 0.0157624850888447 0.503049488412
0.000408220247222455 0.570637995108991 0.00765638646750695 0.42129739817628
0.0011813671494786 0.4642006190363 0.209984202950715 0.324633810863506
0.00361114023456633 0.812570102576073 0.00646042128375212 0.177358335905609
0.00338894549618209 0.605683921303556 0.0141154922532739 0.376811640946988
0.345790726659916 0.436383691281136 0.0795882099939083 0.13823737206504
0.000218077340202508 0.107449182473124 0.00322802045440331 0.88910471973227
0.000200132165400164 0.541693715502953 0.00336028183324544 0.454745870498402
0.000969990150376758 0.417378536081183 0.0070858422049785 0.574565631563462
0.000780220335139084 0.673781065448774 0.00408626162202685 0.32135245259406
0.000224079133817829 0.596652123255994 0.00450545489281817 0.39861834271737
0.0044958949022672 0.547407567547398 0.00992979532166118 0.438166742228674
0.000168168064134671 0.171475841739683 0.00271396501290585 0.825642025183277
0.000296840284488593 0.48559636727854 0.0196508710070649 0.494455921429906
0.00262145899311915 0.524235777671294 0.00683491272612262 0.466307850609464
0.000328134240265807 0.72635093030211 0.00512609833462889 0.268194837122995
0.00901609480835855 0.683396528226575 0.0254749224215763 0.28211245454349
0.00469309234529665 0.558941425586365 0.010705091445634 0.425660390622705
0.000214628345858527 0.63333881554226 0.00200407700170317 0.364442479110178
0.00684740316927902 0.604131643858496 0.0197777950004697 0.369243157971755
0.000191093320720939 0.498006819519534 0.0016052104816053 0.50019687667814
0.0114107176819907 0.572847383255724 0.027815243754586 0.3879266553077
0.000229912195673037 0.585782265386931 0.00440182112402827 0.409586001293368
0.000251386517937303 0.403652476060826 0.00252307305725925 0.593573064363978
0.00436422244604562 0.597104222514271 0.00882293967539516 0.389708615364288
0.015271572776014 0.390745691867603 0.01942198863087 0.574560746725513
0.00198634681756508 0.64512509074579 0.00982179410571362 0.343066768330931
0.000195379449067922 0.481665415664626 0.00103232249162205 0.517106882394684
0.00033627081426078 0.438413511410658 0.128189193289633 0.433061024485448
0.00585606198004166 0.35565249627536 0.0228619942982844 0.615629447446314
0.00450232418489498 0.621550175249861 0.0368369256957502 0.337110574869494
0.00152307956108339 0.500592036694147 0.00703074133728258 0.490854142407487
0.000258913028664237 0.742950424887311 0.00334770538434282 0.253442956699682
0.000300133855515974 0.760821783667501 0.00158416481113532 0.237293917665847
0.01588699232735 0.634429556459468 0.0196440584324629 0.330039392780719
0.00277712824702091 0.543851378578156 0.00355557651820115 0.449815916656622
0.000239316396481904 0.516496735218282 0.0121199676324333 0.471143980752803
0.00173794748772549 0.605909758025084 0.00572009937997931 0.386632195107212
0.00122014175256539 0.758974022074745 0.00314944565739092 0.236656390515298
0.000970484032104629 0.384414875499892 0.00594560625889231 0.608669034209111
0.00285691486879723 0.46973979229455 0.00532590955305297 0.5220773832836
0.00109200375660223 0.441914524587303 0.129560134962401 0.427433336693695
0.0283690964974678 0.52892876823322 0.162111390152159 0.280590745117153
0.00259830731694824 0.387952456576576 0.0253198189561438 0.584129417150332
0.00024583377287677 0.471341443662629 0.110103621958855 0.418309100605639
0.000906941988953488 0.650249558272205 0.00304905823842573 0.345794441500416
0.00210373647027328 0.554201186186618 0.00284274579203802 0.440852331551071
0.000182182166969167 0.221712843224672 0.00358923701745836 0.7745157375909
0.00142422028162442 0.442103374317634 0.00845285681257271 0.548019548588168
0.00525471571417209 0.727624280435605 0.0265896614979219 0.240531342352301
0.000209687108652558 0.671918765969793 0.00602558000552876 0.321845966916026
0.000805137562220252 0.669597154006167 0.00875505686914635 0.320842651562466
0.000371681972641979 0.334328095807461 0.00811937669083278 0.657180845529065
0.000372375224915743 0.131348469030514 0.00406749372833498 0.864211662016235
0.000695723215574698 0.547465348425473 0.0060910514981632 0.445747876860789
0.00024285426445818 0.537434344697094 0.00628009297350936 0.456042708064939
0.00979856231234703 0.682817347173794 0.0127690569572493 0.29461503355661
0.00201673722635524 0.719515838673074 0.132703741899424 0.145763682201147
0.00809045252071535 0.613429686797533 0.00939611041606651 0.369083750265685
0.000322334929347946 0.437575896400513 0.00397097015295971 0.558130798517179
0.000184490533258341 0.526061330629269 0.00163168812835177 0.47212249070912
0.00796219202676263 0.44135713270258 0.0138624182818009 0.536818256988856
0.0456500520023539 0.47268321330658 0.00360216126139316 0.478064573429673
0.000268300727548 0.460831420706615 0.00293048208800031 0.535969796477836
0.000271035884262612 0.724423627631765 0.00414119493598701 0.271164141547985
0.000233871007326306 0.433343285016752 0.00667186494639985 0.559750979029522
0.0161821296109139 0.682488524535276 0.0302642146045308 0.27106513124928
0.000238647073157544 0.623468221769397 0.00661087514715472 0.36968225601029
0.0027957907269489 0.353060496388996 0.0187583098628813 0.625385403021174
0.000213484969693204 0.471682619696644 0.00514408292620648 0.522959812407456
0.000251561570639481 0.579241277932663 0.00614822379401806 0.414358936702679
0.00179946338923637 0.191008298618961 0.103553270826259 0.703638967165544
0.00669697037263567 0.45215326160141 0.0666520719751388 0.474497696050816
0.000704134070243916 0.659907339184139 0.0113995417627989 0.327988984982819
0.0004526739319707 0.493623665664584 0.0372763735535295 0.468647286849915
0.00103564702694276 0.685826016632841 0.00336496115873433 0.309773375181482
0.00534023803848145 0.388271075967075 0.00319944639144123 0.603189239603002
0.0343405285595928 0.206356978365444 0.00760479629414249 0.75169769678082
0.0444960805152647 0.369073246867129 0.27386829187238 0.312562380745226
0.00454528311819431 0.59255810698718 0.0252107382621344 0.377685871632491
0.000218902452735158 0.534690585307188 0.00230328735223637 0.46278722488784
0.00029143566780245 0.400310622578649 0.0143294076995864 0.585068534053962
0.00545517928073167 0.336098586897892 0.00755323030569123 0.650893003515685
0.000668973265663776 0.791580772952811 0.0054113362958074 0.202338917485718
0.0335451119878242 0.513644375522175 0.120567156610739 0.332243355879262
0.000220904638377983 0.667183233255902 0.00257114303796537 0.330024719067754
0.00062697034742517 0.147262880073991 0.00640959500159727 0.845700554576986
0.000281918552968106 0.577050441982699 0.0213860055316106 0.401281633932723
0.000172995771800507 0.115579991940121 0.00167414707084882 0.882572865217229
0.00019677207370253 0.588390999375019 0.00387566276138064 0.407536565789898
0.000808037219546203 0.584654417423545 0.0109956931003018 0.403541852256607
0.00495695579907333 0.601040766994249 0.0091070498274262 0.384895227379251
0.00512200014664004 0.638836785718329 0.0114414345355218 0.344599779599509
0.00256401076278048 0.505778022495624 0.00589619550954771 0.485761771232047
0.00492304858074981 0.470571389433641 0.00851558607781983 0.515989975907789
0.000256854393724131 0.455570573649237 0.00201026391893456 0.542162308038105
0.000329873517639452 0.337403662737016 0.000872082794820296 0.661394380950525
0.00368469810588656 0.266598474343235 0.0131259042971681 0.71659092325371
0.00999606517686558 0.270427970871573 0.173921055073746 0.545654908877816
0.00117452462610318 0.378177668056612 0.00797863876723198 0.612669168550052
0.00185351295921724 0.455856650699893 0.0574445805447632 0.484845255796127
0.0109038823938714 0.613300044576595 0.00458598385561004 0.371210089173923
0.000279525065812554 0.445394110714654 0.00541665003928137 0.548909714180252
0.000294593120929461 0.670046391294994 0.0288554440114294 0.300803571572647
0.00183881155311528 0.349623723870494 0.00888268048093747 0.639654784095453
0.00154810024659913 0.567866502408543 0.00674010365997613 0.423845293684881
0.000192609630603501 0.665774124608788 0.00409484703273953 0.329938418727869
0.000206740975687947 0.845488731932217 0.00194444126332 0.152360085828775
0.00230492924641426 0.621248050663651 0.0262521227779109 0.350194897312024
0.00182099148438394 0.523266531720748 0.00556017092521858 0.46935230586965
0.0035227554452862 0.674478495412592 0.00741582874581552 0.314582920396306
0.0104562087206883 0.482729157191708 0.0196102248038827 0.487204409283721
0.00144314231357931 0.50067271165255 0.0367488351496907 0.46113531088418
0.000245929110029453 0.472827829405454 0.0053900992457261 0.521536142238791
0.209990596749921 0.310194232957791 0.271120396245269 0.208694774047019
0.00078717281523364 0.245102792149948 0.00296963022683839 0.75114040480798
0.000474269574523726 0.547859929334927 0.027223596056752 0.424442205033797
0.000376306177612684 0.75204235287149 0.0262674728075394 0.221313868143358
0.0052816181144639 0.727245549659764 0.08817692510525 0.179295907120522
0.00128245892231028 0.440923486687668 0.0133249747175011 0.544469079672521
0.000812822428752877 0.538355083721647 0.0147585387795335 0.446073555070067
0.000259064059024853 0.444213313756365 0.00728827560528102 0.548239346579329
0.00239823162781187 0.475162993796969 0.0150481234832997 0.50739065109192
0.000763805143362008 0.633844802770369 0.0101771066835683 0.3552142854027
0.000632203242876695 0.571394101749736 0.0289435962477642 0.399030098759623
0.00325646325810481 0.536637033711686 0.0268136892664779 0.433292813763731
0.000227587823191471 0.771290485422299 0.0021270039727916 0.226354922781718
0.00537132633505722 0.451834206581837 0.00400748855368431 0.538786978529421
0.00235019645045702 0.510764571683368 0.00340760755364288 0.483477624312532
0.000270915810509534 0.723991725196192 0.00374814785171406 0.271989211141585
0.000317008207655782 0.408693413929051 0.0334481003819245 0.557541477481369
0.000199006890195702 0.450236640399775 0.00508818470656628 0.544476168003463
0.000799768947854729 0.628989578296221 0.0233421033162002 0.346868549439724
0.0117065008238925 0.702615082746877 0.0281770710672685 0.257501345361962
0.000308051998524923 0.588428882861315 0.0174254961317197 0.39383756900844
0.000329524425667841 0.474055953582892 0.00432798144600137 0.521286540545438
0.012393778543611 0.455010659149977 0.0951268174671221 0.43746874483929
0.000275455394347203 0.284410846149588 0.00387453032979247 0.711439168126273
0.0112139696620782 0.617268570027507 0.0137321175004785 0.357785342809936
0.00125375542176662 0.334264562440259 0.0121449643898163 0.652336717748158
0.00045809191081685 0.450434100367515 0.0113426091853905 0.537765198536277
0.000185452536599743 0.380763431934716 0.00292749665337785 0.616123618875306
0.000206428496061663 0.451602168540826 0.00895962975945696 0.539231773203655
