0.216251604263224 0.000131008339761026 0.783243822642745 0.000373564754269934
0.577068122568137 0.000152492451870825 0.42262691321625 0.000152471763742566
0.46804371199091 0.000173476889416151 0.531609532390385 0.000173278729289
0.237527479692222 0.000166771364131644 0.761826248851485 0.000479500092161522
0.683447468747718 0.000505671802725654 0.306898753789086 0.00914810566047124
0.77045353767045 0.000128312137871462 0.229289707351353 0.000128442840325646
0.720815859867964 0.000134459437377095 0.278915134427417 0.000134546267241585
0.666754932220681 0.000120133922911442 0.333004728125906 0.000120205730501571
0.997895835416437 4.12705960256593e-05 0.00202162285368368 4.12711338539927e-05
0.295765583214171 0.00109301442980918 0.701804007677792 0.00133739467822754
0.383906025120066 0.000264807795946951 0.615535460609195 0.000293706474792195
0.656295112484521 0.000426107236308714 0.339937918564791 0.00334086171437847
0.776161246325988 0.000205061004441057 0.223428696852711 0.000204995816859506
0.239261755072961 0.000254946924225831 0.760228393688777 0.000254904314036745
0.825926055927561 0.000136319813773309 0.173801339851718 0.000136284406947034
0.881970995223251 0.000112563345604574 0.117803764795723 0.000112676635421999
0.333969979164095 0.000128493595288437 0.66577272712055 0.000128800120066517
0.856112360033151 0.000100689085932094 0.143686249273574 0.000100701607343712
0.864065769403846 0.000118511247595066 0.13569780489883 0.000117914449728407
0.373505584747589 0.000236454172652195 0.626020947120532 0.000237013959226522
0.433039933891673 0.000100678597455948 0.566759410743401 9.99767674704432e-05
0.437792525405515 0.000168557894429242 0.561870244684195 0.000168672015860011
0.110354848314576 0.000198968637840004 0.886816450214994 0.00262973283259048
0.856834733969618 0.000116649126037953 0.142931910882873 0.000116706021471413
0.572859764359298 0.000178017472733399 0.426785732386645 0.000176485781323997
0.960651779336588 9.66901046193186e-05 0.0391550065501018 9.65240086908154e-05
0.200746521697879 0.00317153691116622 0.791286927992268 0.00479501339868664
0.301992674662371 0.000439567486734552 0.696380543099024 0.00118721475187065
0.845912933236455 0.000145343464730402 0.153796327301804 0.000145395997010784
0.568153194791249 0.000199608951737491 0.429770638080961 0.00187655817605223
0.943801419681169 0.000111825443832761 0.0559749572945566 0.000111797580441611
0.933869996873519 9.46123589320068e-05 0.065940754289997 9.46364775516314e-05
0.884081568111984 0.000125803823836755 0.115367522314957 0.000425105749222451
0.907039942767715 0.000141733327764898 0.092676720143789 0.000141603760730898
0.733381916517923 0.00012444380929682 0.266369333529326 0.000124306143453666
0.915388433744186 0.000116819052936769 0.0843779562374914 0.000116790965386151
0.864594462124588 9.21335601858858e-05 0.135221357993806 9.20463214196895e-05
0.468112484344585 0.00017413015230248 0.531539163025062 0.00017422247805086
0.76616500821822 0.000158368533938368 0.233518501877856 0.000158121369986483
0.157992001740052 0.000185170779070677 0.841637053693767 0.00018577378710982
0.941946900670406 0.000137584239325066 0.0577780330326881 0.000137482057581356
0.507278504473878 0.000247923863477768 0.492225731803993 0.000247839858651294
0.796128839221496 0.00015654241226445 0.203558048009049 0.000156570357190349
0.577105357129893 0.000197547537523025 0.422499296508965 0.00019779882361971
0.542159018114464 0.000164737401312219 0.457511532301097 0.000164712183127287
0.910222612810059 0.000143519311817654 0.0894905492935743 0.00014331858454892
0.143936142938551 0.000187092266948632 0.855689776704636 0.000186988089863988
0.546047699177803 0.000175303605679885 0.453601689375498 0.000175307841019408
0.654150079349556 0.000194450340916952 0.345460355915602 0.00019511439392517
0.734835833543285 0.000198816473491987 0.264766516605497 0.000198833377726091
0.82189755122483 0.00010397940404166 0.177894258999774 0.000104210371354695
0.743206212194319 0.000145698839488185 0.256502329540832 0.000145759425361249
0.274287927695168 0.000113970047050478 0.72548426396541 0.000113838292371572
0.718129445606213 0.000230741033746201 0.281409091386246 0.000230721973794452
0.796798311903446 0.000105551491442028 0.202990562358521 0.000105574246591159
0.849922008220561 0.000185604187061862 0.149706978831279 0.000185408761098931
0.975889367403982 7.4240108724738e-05 0.0239621429053842 7.42495819086844e-05
0.25053090736972 0.000269577928052556 0.743981422886807 0.00521809181542066
0.730119713439051 0.000153635626376184 0.269572984788075 0.000153666146497719
0.771653865134061 0.00013292912383062 0.228080428916667 0.000132776825441624
0.947645233339639 0.000189723444631026 0.0519752569335141 0.000189786282216308
0.873023020342673 0.000141772064239122 0.126693364493365 0.000141843099722191
0.203185835473644 0.000138334071171614 0.796538186518334 0.000137643936850872
0.871341274257232 0.000129026029430676 0.128400797158966 0.000128902554372165
0.647900219925762 0.000166564555667901 0.351766576392523 0.000166639126047186
0.432921716440728 0.000180347139286853 0.566377829896763 0.000520106523222487
0.520418779884406 0.000221154330277435 0.479139763338484 0.000220302446831946
0.767610346549811 0.000157893367119812 0.232073945203225 0.000157814879843782
0.767052964893303 0.00028288178488674 0.232381188024775 0.000282965297035898
0.633685343159186 0.000216357712901388 0.365881778346724 0.00021652078118945
0.0116004094326842 0.729921135677205 0.0202575625761686 0.238220892313943
0.996023964673876 6.37575444649574e-05 0.0038485109050033 6.37668766558636e-05
0.9600817783665 0.00013983522908622 0.0396385046368839 0.000139881767529711
0.977080323732657 9.41367777693288e-05 0.0227313743579712 9.41651316027101e-05
0.976525971857761 8.23672688864475e-05 0.0233092909295463 8.23699438065505e-05
0.867308617856972 0.00013656876970291 0.132418197528705 0.000136615844619722
0.326381040683681 0.000108369559476662 0.673402231409053 0.000108358347788825
0.327635326446813 0.000212096892791801 0.671940513244406 0.000212063415989579
0.98077245868966 7.23449576554839e-05 0.0190829387065832 7.22576461011649e-05
0.987410262256903 6.728885727496e-05 0.0124559433354715 6.6505550350329e-05
0.561770929095426 0.000217904594278465 0.437793395996423 0.000217770313873236
0.436465539157535 0.000149475379670773 0.563235514613789 0.000149470849005959
0.812161575565166 0.000180161466073973 0.187478127313447 0.000180135655312337
0.959248687871521 0.000120600505827723 0.0405101058590753 0.00012060576357575
0.929491358527046 0.000116115095116857 0.0702764598375144 0.000116066540323034
0.999371260903199 2.22541836243846e-05 0.000584234987688863 2.22499254877887e-05
0.972597483771933 0.000145449233908 0.0271115958624235 0.00014547113173552
0.992041911691117 5.23060796227439e-05 0.00785349893450923 5.2283294751224e-05
0.571042547212403 0.000175158768295729 0.428607322536808 0.000174971482493269
0.841983328201877 0.000148546704256139 0.157719580502542 0.000148544591324758
0.958014439430369 0.000131096230944934 0.0417233466349075 0.000131117703778844
0.610351677200953 0.000247396232363345 0.389153207498356 0.000247719068327113
0.981969653860255 9.54190210423306e-05 0.0178395648256458 9.53622930565183e-05
0.852387668184247 0.00013352567802418 0.147344943499918 0.000133862637811033
0.542028528869213 0.00022662727914464 0.457518286760572 0.000226557091070164
0.836488177336631 0.000138820598115841 0.163234024554622 0.000138977510630983
0.861239772362205 0.0001566343378625 0.138447038527277 0.000156554772654937
0.982886697005989 8.19986285910173e-05 0.0169493074240591 8.19969413610962e-05
0.762546343765512 0.000177186333233217 0.237099289703482 0.000177180197772707
0.78324055297276 0.000165546680432704 0.216428281050374 0.000165619296432386
0.294358575523297 0.00031041884957036 0.701817730312124 0.00351327531500852
0.898556492336961 0.000123108594581227 0.101197084653133 0.000123314415325121
0.850899133989436 9.59589474313429e-05 0.148908909914194 9.5997148938482e-05
0.321299590118368 0.000144824616378138 0.678410864293702 0.000144720971551183
0.54858349096785 0.00013460381403825 0.450443333070367 0.000838572147744713
0.026017828061548 0.521249125631426 0.0768595185390349 0.375873527767991
0.893511357021726 0.000159045294401837 0.106170677976081 0.000158919707791273
0.886976125322336 0.000145967602527909 0.11273219930978 0.000145707765356456
0.940686428924282 9.42076019135768e-05 0.0591251520593187 9.42114144858188e-05
0.867714475349616 8.95889547431625e-05 0.132106449604646 8.9486090994813e-05
0.805858015045606 0.00016654632472988 0.193809018819601 0.000166419810063336
0.933776500255932 0.000117943730604137 0.0659874330177366 0.000118122995727748
0.250018250528074 0.00911568982299457 0.733618032935508 0.00724802671342353
0.895420460023218 0.000119983837723896 0.104339615713055 0.000119940426003528
0.928407352337983 8.06395741423911e-05 0.0714313901348345 8.06179530398881e-05
0.757422989036487 0.000123365734021717 0.242329931949392 0.000123713280098915
0.868307874949286 0.000153891860642477 0.13138434684099 0.000153886349081974
0.654800000990684 0.000240280161969772 0.344719311293157 0.00024040755418849
0.944946855976291 0.000146686065488026 0.0547598288949849 0.000146629063236113
0.634154655615311 0.000231197909624457 0.364390166093779 0.00122398038128606
0.767160765347566 0.000156715008609807 0.232525849515876 0.000156670127948779
0.950914659862598 0.000132286356801182 0.0488207474213946 0.000132306359205965
0.203669313747344 0.000249529750434016 0.795831773514587 0.000249382987635261
0.594103304248476 0.000215937381185768 0.405465646636695 0.000215111733642732
0.653349460187307 0.000165085189920031 0.346320815595969 0.000164639026804443
0.535378191103638 0.000183680885932272 0.464254422875998 0.000183705134431955
0.951511317994132 0.000128436484970251 0.048231576244741 0.00012866927615725
0.539953417604251 0.000215707011936215 0.459615975226216 0.000214900157597063
0.986997546082443 6.69145763094622e-05 0.0127601341600258 0.00017540518122163
0.459749589223909 0.000179542999837546 0.539891290499548 0.000179577276705724
0.900317570351176 0.000107515668487957 0.0994673636910491 0.00010755028928701
0.988114745744361 6.8720189562085e-05 0.0117030792035108 0.000113454862566398
0.675995247602861 0.000174956513767165 0.323654818145415 0.000174977737956906
0.943059793025293 9.47907767053594e-05 0.0567505889032658 9.4827294735867e-05
0.397503551935435 0.000174547272847884 0.602147353974755 0.000174546816961959
0.797339334650858 0.000241508594803613 0.202177431024284 0.000241725730054128
0.89454812888764 0.000226088928888638 0.104998099087127 0.000227683096344781
0.375699010846025 0.000289400506928974 0.623212489627676 0.000799099019370081
0.670850559175194 0.000158432517533981 0.328832698885251 0.000158309422020455
0.733230293316534 0.000131343149087382 0.266507023630762 0.000131339903617056
0.772750252247455 0.000166560447849948 0.226916593397872 0.000166593906823466
0.784482324419817 0.000156597716963814 0.215204459596914 0.000156618266305183
0.451270214933312 0.000166262376898978 0.548397208500251 0.00016631418953723
0.894670253625227 0.000109455845112511 0.105110828153868 0.000109462375792801
0.998077146935772 7.2313769817262e-05 0.0017782255299422 7.23137644684059e-05
0.736403068565897 0.000140613048779973 0.263315716108219 0.000140602277104657
0.64182216216196 0.000158819507552662 0.357860255358693 0.000158762971794468
0.424503411751037 0.000260267452935127 0.574976206363837 0.000260114432190229
0.583487452390341 0.000151016326737132 0.416210449074514 0.000151082208407787
0.862486224803151 8.91546376968342e-05 0.137335589491587 8.90310675658621e-05
0.445233971009781 0.000203559422472013 0.554358946442407 0.000203523125339737
0.396672525526377 0.000163273771557961 0.603001212908033 0.000162987794031614
0.841114545690895 0.000121946059064169 0.158641304288039 0.000122203962001863
0.693980526773383 0.000185065068269467 0.305649311054177 0.000185097104170984
0.483963176663034 0.000387121944896918 0.514662227152612 0.000987474239457325
0.544808328906824 0.000217240282797826 0.454757079479599 0.000217351330779443
0.970831545768229 9.90080458016648e-05 0.0289703471366722 9.90990492970268e-05
0.696861195601417 0.000139776167553257 0.302859317796748 0.000139710434281584
0.735298812814033 0.000163203516595031 0.264374789609694 0.000163194059677974
0.209048012182233 0.000113372810395456 0.790725100312289 0.000113514695082697
0.62224876413854 0.000157087015830043 0.377436988738617 0.000157160107012115
0.943460033578521 0.000112131526221152 0.0563161370531987 0.000111697842058839
0.595942414979696 0.000214832677011457 0.403628130091829 0.000214622251463972
0.733156736649749 0.000137696589890912 0.266567909416345 0.000137657344014603
0.703133008823593 0.000409821016660678 0.296232499717937 0.000224670441808474
0.951891379288293 0.000177791670466607 0.0477531584221273 0.000177670619113236
0.853923315109602 0.000134350737859039 0.14580833640778 0.000133997744759217
0.439816082443154 0.000211659954244498 0.559409962536143 0.000562295066458011
0.575355226186013 0.000191384743031903 0.424261850627473 0.000191538443481302
0.526397904830829 0.000159302250705476 0.473283459306932 0.000159333611533368
0.312973155947661 0.000186804213116428 0.68665322604295 0.000186813796273246
0.229610466365111 0.000124698957065501 0.770140406080012 0.000124428597811238
0.702105853784337 0.000145591468333999 0.29760288369433 0.00014567105299959
0.681278958389386 0.000160266281225255 0.318399770529209 0.000161004800179769
0.223599465406967 0.000155961038586388 0.77608917526015 0.000155398294296382
0.411672347971921 0.000134187702157654 0.588058903964257 0.000134560361664794
0.511982872444277 0.000262798037415164 0.487059431035965 0.000694898482342698
0.243071334405981 0.000212269762043036 0.754634760715317 0.00208163511665902
0.609534690130841 0.000252115670821657 0.389961219156495 0.000251975041842415
0.797709379017436 0.000204106788252208 0.201883071931609 0.000203442262702714
0.938727665635538 0.000133465707839077 0.0610054072701638 0.000133461386459288
0.706259393341914 0.000143375670512584 0.293453654829942 0.000143576157631031
0.895250957303703 0.000118429168156867 0.104512180059577 0.000118433468563817
0.936720425682323 0.000127733712329751 0.0630241171693815 0.000127723435966137
0.281693301474451 0.000161143123697244 0.717984431713906 0.000161123687945841
0.755974282978109 0.000149153971320418 0.243727592858308 0.000148970192262751
0.797389532935626 0.000184103234532578 0.202115857929243 0.000310505900598763
0.871971100050394 0.000102931924709503 0.127823206925276 0.000102761099620434
0.938949781718161 0.000168225438962272 0.0607136396980629 0.000168353144813458
0.738605960224684 0.000182342895530162 0.26015476616079 0.00105693071899524
0.50418483836731 0.000139978805767029 0.49553520289711 0.000139979929813589
0.911323904168367 0.000151284949021262 0.0883739663343796 0.000150844548232206
0.997056354348486 6.19990768015967e-05 0.00281966806683876 6.19785078736651e-05
0.923108521256131 0.00017194358334378 0.0765476125418196 0.000171922618705926
0.820089371203369 0.000213739774856256 0.179364882331655 0.000332006690119552
0.877717177838154 0.000157613426424177 0.12196904566966 0.000156163065761739
0.967691259541452 7.26861096408521e-05 0.032163337545314 7.27168035935984e-05
0.431665553601377 0.000153693672173715 0.568028823805384 0.000151928921065183
0.749607346892424 0.00014573845992755 0.25010104606537 0.000145868582278677
0.88036560402553 0.000141867391845402 0.119350703433851 0.000141825148774058
0.829322463465941 8.42481126495898e-05 0.170509012215408 8.42762060015888e-05
0.771071917730605 0.000173773893415264 0.228580135581399 0.000174172794580402
0.76719527917135 0.000117451498351217 0.232569804678328 0.000117464651970688
0.838664984371507 0.000159449437375294 0.16050536015923 0.000670206031887811
0.823167319289852 0.000128625837642811 0.176574846107699 0.000129208764806116
0.869794168410399 0.000128299477999933 0.129949223819215 0.000128308292385522
0.296126230649023 0.000211075451471833 0.702830063163764 0.000832630735741042
0.212477311368375 0.0322021687618098 0.719259816701348 0.0360607031684679
0.790762916572706 0.000181682827061734 0.206325871370396 0.0027295292298358
0.320500325514137 0.000588760591630777 0.673969287939126 0.00494162595510644
0.754807125384256 0.000161285068738262 0.243448132604468 0.0015834569425382
0.497467400395296 0.000143924901100205 0.501615446371296 0.000773228332306916
0.348433900384214 0.000141284905653118 0.650831080988797 0.000593733721336003
0.806940790118923 0.000133734253821232 0.19279182576956 0.000133649857696401
0.820209476608257 0.00010216612557702 0.179586064758498 0.000102292507668547
0.879135064575631 0.000132741701805557 0.120599477676754 0.000132716045810294
0.945055242014125 0.000112184015100852 0.0547202113144542 0.000112362656319953
0.786795797098425 0.000164804003119147 0.212874584304361 0.000164814594094628
0.623244134662349 0.0001369394489722 0.376482203434821 0.000136722453857617
0.844946951264822 0.000147069218998446 0.154612333016631 0.000293646499548384
0.0888615539845543 0.115488421996991 0.622583837766952 0.173066186251502
0.270866288409667 0.00130942031863335 0.725733150056694 0.00209114121500498
0.753300782421305 0.000119552160051181 0.246460028917755 0.00011963650088871
0.832709546799885 0.000153767947457774 0.166982767648543 0.00015391760411439
0.612573690378846 0.000154392103458716 0.387116823608863 0.000155093908832328
0.0972434260717083 0.000125983447380837 0.902504566412931 0.000126024067980243
0.76935089586707 0.000157828983766011 0.230333985006834 0.000157290142330657
0.885265838433536 6.03441351210977e-05 0.114613485386901 6.0332044441025e-05
0.32357420760165 0.000474128681461223 0.67449771575005 0.00145394796683836
0.118530496749846 0.00528653985501364 0.871863781275483 0.00431918211965761
0.763988792502635 9.5819359352336e-05 0.235819506264997 9.58818730158623e-05
0.489746038745185 0.0001843556554683 0.509886384733898 0.000183220865448244
0.203660140506586 0.0122550941242018 0.733085707078427 0.0509990582907855
0.840483314737623 0.000141827153558983 0.15923107520648 0.000143782902337515
0.219383146074907 0.000149016000935366 0.780318781649284 0.000149056274873793
0.563528931674185 0.000164675253029554 0.436139488593585 0.000166904479200121
0.934246719414309 9.96351930114321e-05 0.0655540384747484 9.96069179314609e-05
0.987857491902091 6.19497162482312e-05 0.0120186101107164 6.19482709443243e-05
0.835883580459072 0.000123637036636201 0.163869258916614 0.000123523587678231
0.894562771019947 0.000156124689505899 0.105122405433788 0.000158698856759488
0.443508323416034 0.000200026320466603 0.555586032276595 0.000705617986905035
0.545210624919993 0.000148212860046429 0.454492961448465 0.000148200771495957
0.999156858141836 3.06185431565673e-05 0.000781903811762066 3.06195032458273e-05
0.916627595216622 0.000132325722932427 0.0831077469191964 0.000132332141249148
0.942794042272223 0.000107373560683297 0.0569909294629906 0.000107654704102876
0.624340006012262 0.000925892202805711 0.360044645077387 0.0146894567075455
0.983304901312461 0.000104719887189263 0.0164856606806651 0.000104718119684965
0.72080471660437 0.0002153760600829 0.278764595734776 0.000215311600770346
0.732591203155125 0.000129306477821834 0.267150122270929 0.00012936809612419
0.903636108315085 0.000168582998560338 0.0960265792426806 0.000168729443673549
0.990755813904718 6.10200585577681e-05 0.00912215086325719 6.10151734672927e-05
0.822106656640201 0.000149878026507462 0.177593727321991 0.000149738011300612
0.971523863868982 8.18556255570535e-05 0.028312413633447 8.18668720142586e-05
0.644699337212688 0.000221311616588939 0.354858048227087 0.000221302943635648
0.722765735330434 9.88454107981677e-05 0.276920460888375 0.000214958370392494
0.755160336057912 0.000155934066025255 0.244527680736412 0.000156049139650224
0.688454102613891 0.000284090678347099 0.310445080484139 0.000816726223622575
0.708874332164164 0.000143662001004527 0.290838423180454 0.000143582654377521
0.854027958148492 9.62807769348082e-05 0.145779502653816 9.62584207579195e-05
0.134008758240809 0.000193111429372758 0.865604994427619 0.000193135902199411
0.701322629953239 0.000158988507201778 0.297692457168584 0.000825924370975555
0.541242782676877 0.000189692520279666 0.458377673761858 0.000189851040985783
0.666162680380107 0.00020845274191425 0.332871021422914 0.000757845455064386
0.997237207719355 4.10649984437902e-05 0.00257335829920851 0.000148368982992444
0.819014966799981 0.000151267920925401 0.180362958815359 0.000470806463735297
0.245186324942272 0.000153984034556862 0.754475454523768 0.000184236499403266
0.397623895593414 0.000216479940309286 0.601943180325369 0.000216444140907728
0.84848142673457 0.000165492888375532 0.151187637055376 0.000165443321677716
0.869909407251577 0.000130103592666836 0.129830437615326 0.00013005154042998
0.36535331332013 0.000165833359207424 0.634315323866173 0.000165529454489437
0.925964563510341 0.000136336415252402 0.0737627769147216 0.000136323159684645
0.117319172696964 0.000157131453436986 0.882308870486182 0.000214825363417151
0.500103772773063 0.000166394007206315 0.499563432243162 0.000166400976568747
0.792798118171952 0.00015558881468286 0.206890132664929 0.000156160348435572
0.733071209215875 0.000207853039641636 0.265513204017455 0.00120773372702898
0.608602467725147 0.000251664985324887 0.390726937504085 0.000418929785443155
0.750083624632788 0.000121282310424034 0.249673802336538 0.000121290720250044
0.154125594528402 0.000142275660189845 0.845589870246669 0.000142259564738371
0.670275280170271 0.000145478955295529 0.329435151495821 0.000144089378612485
0.942853195201971 0.00012436416296091 0.0568980653362229 0.000124375298844972
0.842991335448288 0.000116193676466745 0.15677636541475 0.000116105460495758
0.162327732553042 0.000156294472559537 0.837359684017416 0.000156288956981761
0.705337566907105 0.000124396568016967 0.294413533313959 0.000124503210919016
0.810450966323474 0.000195776653919042 0.18854219519295 0.000811061829656902
0.457955294929026 0.000309442853722627 0.541425781709849 0.00030948050740191
0.574128070606076 0.000189662268909775 0.425492254560023 0.000190012564991536
0.369342070835915 0.0001643835948694 0.629811440664802 0.000682104904413524
0.717081801356191 0.000349752066096628 0.282218676170835 0.000349770406877305
0.938697723599483 9.89157090945962e-05 0.061104419830764 9.89408606579707e-05
0.753445445191602 0.000130367632693936 0.246293700454185 0.000130486721519234
0.853729521590949 0.000131423761107566 0.146007706791067 0.000131347856876586
0.877595290707302 0.000125094113618725 0.122154554733796 0.000125060445283003
0.913721087145203 8.1679558994928e-05 0.0861157066873211 8.15266084806902e-05
0.645921100839104 0.000175882609694039 0.353442616742504 0.00046039980869751
0.319106602297544 0.00108532999571397 0.678266101380849 0.00154196632589239
0.496779348873369 0.00017232934801445 0.502875976939624 0.000172344838993056
0.990441306311935 9.06125408564259e-05 0.00937746915649237 9.06119907163704e-05
0.975351966168769 6.65402201076903e-05 0.0245152971781091 6.61964330138449e-05
0.362118866937345 0.00119349844361484 0.636328060339615 0.000359574279425675
0.887255827018154 9.55316909028771e-05 0.112553075963476 9.55653274670931e-05
0.59446981029176 0.000178377962535232 0.405173174327524 0.000178637418181134
0.575133702510132 0.000159986838003569 0.424546210134374 0.000160100517490978
0.913805571113017 6.67999533432713e-05 0.0860607980811496 6.68308524899358e-05
0.646466851098972 0.00015647150739501 0.353220046273073 0.000156631120560444
0.00185458248821166 0.420380807351684 0.00150195464824807 0.576262655511856
0.607880902587248 0.000178573067979351 0.391762906341336 0.000177618003436689
0.995481688614288 7.08026291759847e-05 0.00437670650877304 7.08022477627534e-05
0.6964375216126 0.000169036981962833 0.303224524338019 0.000168917067418185
0.447632380545002 0.000191724175423973 0.551984092133236 0.000191803146337621
0.878211473531562 0.000133900531125164 0.121520718715622 0.000133907221690911
0.97423655757628 0.000106323200268635 0.0255508401065796 0.00010627911687211
0.709658904306907 0.00015407834394291 0.290032952326927 0.00015406502222227
0.983438078569762 8.78082054188616e-05 0.0163862504876135 8.78627372055751e-05
0.581024475729241 0.000243325629468974 0.418489302564687 0.000242896076603437
0.479930352811851 0.000129366510928505 0.519810874604771 0.000129406072449356
0.857368950543507 9.07945315676379e-05 0.142449429594664 9.08253302609609e-05
0.317430346685542 0.000183253210738358 0.682203452894995 0.000182947208724493
0.687382012683588 0.000184235375333339 0.312249430947577 0.000184320993501773
0.595212944700221 0.000270707988119582 0.403636930169692 0.000879417141967462
0.619904362783608 0.000176794724012382 0.379740514000893 0.000178328491486295
0.560339736178812 0.000194704090369686 0.43927030631403 0.000195253416787704
0.550794994060592 0.000226375877243376 0.448752284102859 0.000226345959306095
0.387462905708292 0.000243616413915453 0.611417831938722 0.000875645939070611
0.827690527921505 9.58901655068396e-05 0.172117519831446 9.60620815418103e-05
0.970192239069133 8.13323676071966e-05 0.0296450571535266 8.13714097334476e-05
0.944081522432022 0.000109834748255401 0.0556985918586352 0.000110050961087766
0.586315559897904 0.000175022738578926 0.413061078266464 0.00044833909705323
0.0622312157623124 0.000195527639390328 0.937377896099413 0.000195360498883889
0.967196441424058 0.000102647511434415 0.0325982546207445 0.000102656443763128
0.516342382345476 0.000157725846002 0.483342122328114 0.00015776948040811
0.300350783362696 0.000214465637885369 0.699220299867614 0.000214451131805127
0.774277300408865 0.000152413559420435 0.225417704988439 0.00015258104327546
0.82450181504246 0.000135310946100895 0.175227562240635 0.000135311770803613
0.774366631247584 0.00014462290967413 0.225343936790448 0.000144809052293845
0.978542741691931 0.000103478611937697 0.0212503105214069 0.000103469174724721
0.696936729330338 0.000181841727418397 0.302699714524378 0.000181714417865241
0.539969316725772 0.000205802760767185 0.45961901546102 0.000205865052441522
0.112493797233931 0.000229690655162087 0.882558822203054 0.00471768990785281
0.426215781047756 0.000278642014717252 0.573226869438095 0.000278707499432338
0.987668949698034 7.5083553865276e-05 0.0121808611720463 7.51055760540135e-05
0.712631440132822 0.000180082926801804 0.287008490818163 0.00017998612221295
0.678595454876993 0.000118358083669487 0.321167412898216 0.000118774141121375
0.885322555284241 0.000178567804167412 0.113014217987027 0.00148465892456473
0.935003905441554 0.000305841351996386 0.0643844516708165 0.000305801535633463
0.779773195721651 0.00014482686038892 0.219937232367436 0.000144745050524022
0.403078572987805 0.000147543423013307 0.596626303214488 0.000147580374693865
0.390278265760403 0.000217555656551072 0.604050568477336 0.00545361010570921
0.353773261435632 0.00612916721981359 0.634523010359962 0.00557456098459254
0.844459716314125 0.000134186724458787 0.155271986341429 0.000134110619987254
0.864063083668821 0.000184817562781129 0.134988714759208 0.000763384009189849
0.184605720084126 0.000141623290309572 0.815111031506576 0.000141625118988454
0.875034377495207 0.000135922556278165 0.124693735437386 0.000135964511128641
0.687666038321856 0.000197342460779193 0.31193954345066 0.000197075766705237
0.167818298813646 0.00272410751571855 0.824733400485293 0.00472419318534209
0.471665898267284 0.000255617739557203 0.527359341380054 0.000719142613104421
0.200518583990312 0.000122718204870254 0.799236609126337 0.000122088678480539
0.401289645325655 0.0001323739980077 0.598445743153617 0.00013223752272068
0.229294939742674 0.000284114070275361 0.769186435193937 0.0012345109931145
0.764888550134879 0.000126765319858511 0.234857870691192 0.00012681385407037
0.954666805299936 0.000106866366187313 0.0451195295604815 0.000106798773395144
0.968017960142965 4.79147278843624e-05 0.0318861117974366 4.80133317143526e-05
0.795680735941184 0.000229229825110277 0.203253491417652 0.000836542816053459
0.501328440603796 0.000193093612680909 0.498285341521255 0.000193124262268504
0.797567339999404 0.000130450721787455 0.201607639161285 0.000694570117523456
0.906650086300546 0.000155726915451218 0.0930384312922754 0.000155755491727472
0.946115759495002 0.000134516346260431 0.05361522908876 0.000134495069977216
0.941069167234961 0.000140637433056328 0.0586495517915745 0.00014064354040826
0.597405982601119 0.000162625535054661 0.402268710748634 0.000162681115192319
0.91184082296136 0.000145697662039787 0.0878678164220303 0.000145662954569756
0.982971710721901 7.77183036930956e-05 0.0168728481623642 7.7722812042169e-05
0.660479538219152 0.000189095379472208 0.339142008127008 0.000189358274368478
0.7500274613951 0.000195130857086888 0.248532542534677 0.00124486521313642
0.551101204211092 0.000207428561447122 0.448484216329593 0.000207150897868198
0.684390802201088 0.000208037093240424 0.315193133980639 0.0002080267250326
0.723290743451951 0.000109925966896809 0.276489206722639 0.000110123858512413
0.624682865469998 0.00015338845191392 0.375010803630627 0.000152942447460856
0.612058576915622 0.000396629971763183 0.382793388742927 0.00475140436968717
0.540674446083692 0.000148656312203711 0.459028533537403 0.000148364066702045
0.957519370468731 0.000141317112941188 0.0421978880247294 0.000141424393598575
0.836329832534986 0.000149531477952926 0.163370997290706 0.000149638696355683
0.844074437386323 0.000105359856491487 0.155714885066216 0.000105317690969219
0.969602963667536 5.40942334776393e-05 0.0302888062183783 5.41358806086325e-05
0.901512560784612 0.000147347108653516 0.0981923910665887 0.000147701040145982
0.896793276764406 0.000125080325512019 0.102956467471009 0.000125175439073309
0.907748423519522 0.000170746964762723 0.0912981083590794 0.000782721156635471
0.744922635204772 0.000236539406558866 0.254222527998463 0.000618297390205957
0.839101991612332 0.000412446399171058 0.157477826244316 0.00300773574418091
0.92390146403275 0.000129438204021606 0.0758396535049463 0.000129444258282135
0.806779576327576 0.000124352186216681 0.192971797462167 0.000124274024039909
0.842150769474519 0.000133922433325233 0.157581389940129 0.000133918152026247
0.978815089407782 5.94644716090871e-05 0.0210659105435506 5.95355770582746e-05
0.807182100436845 0.000149664597648758 0.19197509214771 0.000693142817795881
0.951247930002685 0.000130081881291357 0.0484921658597851 0.000129822256238531
0.618294063860817 0.00020311241146228 0.381300278971498 0.000202544756222566
0.946899603010235 0.000121488457217955 0.0528574847079714 0.000121423824575226
0.967255974431786 8.74459765962725e-05 0.0325691289481522 8.74506434658099e-05
0.630007490679318 0.000193820758220623 0.369605246382806 0.000193442179655361
0.812597156149524 0.000137620353172626 0.187127763164463 0.000137460332840341
0.531337653894089 0.000710519985149036 0.465409319024036 0.00254250709672603
0.825653212469819 0.000158607557455801 0.174029928662944 0.000158251309781408
0.823584773310548 9.68139533429502e-05 0.176221635611846 9.67771242627151e-05
0.984038490647309 9.12889135364089e-05 0.0157089365108657 0.000161283928289255
0.474664779883206 0.000188103871412166 0.524958933217252 0.000188183028129804
0.981517542382879 8.41078974820482e-05 0.0183142426220376 8.41070976009476e-05
0.941493512100941 0.000104791189868106 0.0582969064947762 0.000104790214414323
0.547070921146775 0.000184724663279532 0.452559491987708 0.000184862202237345
0.132444045067005 0.000137124998695029 0.867281731813036 0.000137098121264216
0.810967798087259 0.000155140746857682 0.188721939228272 0.000155121937610888
0.783043957422715 0.000114122540310103 0.216727849907798 0.000114070129176103
0.878058650445946 0.000157323564916922 0.121626768575311 0.000157257413825289
0.869978181875307 0.000101604860606441 0.129568425574176 0.00035178768991033
0.825170382135874 9.28363012985974e-05 0.174643600273715 9.31812891131686e-05
0.851223162537258 0.000953277100304909 0.145367382750476 0.00245617761196168
0.712728609039217 0.000138960761186819 0.286993387249068 0.000139042950528116
0.895332937502662 0.000159924670841902 0.104346559199533 0.000160578626963107
0.237840829913992 0.000116783591236253 0.761925462360812 0.000116924133960057
0.499177590701872 0.000151488358219241 0.500519690266674 0.000151230673234797
0.820055600827116 0.000167106415350307 0.179610211054666 0.000167081702867889
0.608058479850788 0.000197940169728018 0.391372319079569 0.000371260899915137
0.475080256580302 0.000147477765341793 0.524624800816203 0.000147464838152907
0.440948611875587 0.000173515023696391 0.556611695948162 0.00226617715255421
0.391739194526193 0.000228720008585658 0.607803340970354 0.000228744494867696
0.194288574154376 0.00014472214873018 0.805421669360847 0.000145034336046739
0.837822123302362 0.000136897239401382 0.161903937935938 0.000137041522298355
0.355795447281945 0.000208110272119033 0.643006197238363 0.000990245207572558
0.504734815890261 0.000194001761444208 0.494877198207373 0.000193984140922195
0.605634024347373 0.000163067602107861 0.394039756150776 0.000163151899743299
0.788250564172491 0.000150059313860589 0.211449347099249 0.000150029414399632
0.866806501250172 0.000146001531936388 0.13290153765235 0.000145959565541507
0.449751196834105 0.000242756392855413 0.549312160719526 0.000693886053513315
0.737236448502009 0.000161063889959518 0.26244142250635 0.000161065101681672
0.923200091691151 0.0001192704561581 0.0765610587661195 0.000119579086571336
0.624790510579596 0.000156604851415237 0.374824145749733 0.000228738819256228
0.752787389879881 0.000182845783148695 0.2468441941184 0.000185570218570885
0.788650843669981 0.000155951417608847 0.211037265253716 0.000155939658694514
0.837893829673527 0.000136389621263057 0.161833748215699 0.000136032489511419
0.522453377397623 0.000161794435416669 0.477222819922673 0.000162008244287136
0.99251539878197 6.85860082960353e-05 0.00725723708172939 0.000158778128004178
0.996780389538608 1.79347826068546e-05 0.00318360307759688 1.80726011881215e-05
0.963560412817301 0.000101393435031917 0.03623679076311 0.000101402984556858
0.441100476231368 0.000248735920737565 0.558348475758081 0.00030231208981354
0.341600443870129 0.000202905959818365 0.656748343390402 0.00144830677965052
0.832224678118877 0.000175916086113697 0.167423472116735 0.000175933678274572
0.897884022551081 0.000161125660307767 0.101793746987406 0.000161104801204754
0.784975793431628 0.000248801373176298 0.214526928824038 0.000248476371158041
0.683890647345556 0.000177532562552761 0.315754263796277 0.000177556295614437
0.929352622375261 9.30806743247434e-05 0.0704612620570183 9.30348933959883e-05
0.679895658965643 0.000321185726571766 0.319462714668308 0.000320440639476732
0.382431736460695 0.000203366302473084 0.617161517788122 0.000203379448709875
0.891619352430224 0.000230107217797741 0.107920353642203 0.000230186709774309
0.762480184250842 0.000190277826332243 0.237139232780577 0.000190305142249521
0.430816171825978 0.000172426419138673 0.567855161119909 0.00115624063497473
0.530185508374029 0.000162357161279642 0.469490117726474 0.000162016738216805
0.920558211195558 0.000103077520831385 0.0792357199360939 0.000102991347516736
0.762925188793044 0.000132400192012715 0.236810004203011 0.000132406811932112
0.651860599725652 0.000226526367708645 0.347686030502571 0.000226843404068497
0.293144010538444 0.000131358131685315 0.706593312226075 0.000131319103796199
0.61656279798288 0.000150739800422817 0.383135969242828 0.000150492973869842
0.691069803179069 0.000176506964329031 0.308577053675527 0.000176636181075063
0.745879051268091 0.000223854024724904 0.253673505754816 0.000223588952367438
0.754975132902864 0.000157121399162862 0.244710471470205 0.000157274227768808
0.526153918334532 0.000173791039533004 0.473405085201727 0.000267205424208218
0.706395826976947 0.000159627098958063 0.293285119321027 0.000159426603067833
0.223115861855922 0.000115057466517347 0.776653834196851 0.000115246480709804
0.489481494033743 0.000177376064568582 0.510163510310062 0.000177619591626924
0.501313457908612 0.000126122265680066 0.498433572219088 0.000126847606619292
0.875015540553349 9.18048686911127e-05 0.124800852351391 9.18022265685814e-05
0.912937822017879 0.000133682401968507 0.0867948103954342 0.000133685184718353
0.946654064613235 0.00010501911928403 0.0531358674336075 0.000105048833873484
0.756160523340627 0.000175872896367 0.243487673620903 0.000175930142102442
0.817988287798376 0.00021616779181756 0.131450363749893 0.0503451806599138
0.365856652071074 0.000225912627051453 0.633613310867639 0.000304124434235488
0.377031754352419 0.000170247793984355 0.622627317730836 0.000170680122761224
0.994586986147907 2.67383824937596e-05 0.00526009435054362 0.000126181119055864
0.050897060697925 0.000137532384720971 0.937785551326193 0.0111798555911612
0.449556076458082 0.000163720169204399 0.550116433928024 0.000163769444689547
0.593010453661452 0.000261434322175555 0.40646618553742 0.000261926478952697
0.879683113705926 0.000172069502186583 0.119972704304275 0.000172112487612764
0.944059005076998 0.000160906014016624 0.0556201076334236 0.000159981275561897
0.978191098441318 0.000179721578399364 0.0214494473935109 0.000179732586771928
0.560259746877702 0.000140153605067522 0.439459894245306 0.000140205271925161
0.0862188260241758 0.000409484273226043 0.912463335008352 0.000908354694246582
0.543776492541609 0.000156065263790725 0.455486591751749 0.00058085044285104
0.22381162593383 0.144926929683547 0.494426658510331 0.136834785872291
0.998147798585458 3.76160054164084e-05 0.00177696688371476 3.76185254113562e-05
0.890939044687154 0.000125708395356098 0.108809398299806 0.000125848617684088
0.717066576805838 0.000166467435195725 0.282600565317757 0.000166390441209499
0.803128220668288 0.000146306054004564 0.196578697820432 0.000146775457275436
0.129327635661394 0.0472539717029558 0.777491456081167 0.0459269365544835
0.920397127957102 0.000104228611541941 0.0793943571129685 0.000104286318387842
0.265902626351348 0.000189827432558867 0.733717641372843 0.000189904843250185
0.914667276106518 0.000138023553545457 0.0850567521646006 0.00013794817533617
0.531977223663559 0.000222640217374562 0.466715826278093 0.00108430984097296
0.390821884775023 0.000127545591585359 0.608923125940527 0.000127443692864834
0.856379615280048 0.000184465145766578 0.142018060339639 0.001417859234547
0.507783537005737 0.000167781438451368 0.491881067119831 0.000167614435980518
0.884260394123862 9.01137868097025e-05 0.115559267755846 9.02243334814607e-05
0.943159775855488 7.84924187258436e-05 0.0566831457262069 7.8585999579292e-05
0.847922107147044 0.000130787781602323 0.151816605607729 0.000130499463624733
0.248431694224233 0.000233963979838506 0.751100539626259 0.000233802169670218
0.9872929184838 9.88777457465424e-05 0.012509243980456 9.89597899975445e-05
0.364635030315866 0.000175338322011461 0.635014286668187 0.000175344693935359
0.366338718302763 0.000129788927058917 0.633399011745857 0.000132481024320606
0.949541323972579 0.000114054867987596 0.0502305720492426 0.000114049110190601
0.604110683560524 0.00021523595521691 0.395458724762638 0.000215355721621084
0.588172585775519 0.000156009187621747 0.411515354929094 0.000156050107764845
0.9481473418766 8.4779053906933e-05 0.0516830915807614 8.47874887317885e-05
0.863601860467697 0.000133535434990784 0.135956596880667 0.000308007216645457
0.759533736399246 0.000210230002409536 0.240045701093031 0.000210332505314285
0.8373607926733 0.000130906626249955 0.162377468952527 0.000130831747922419
0.735979700042334 0.0001937356033573 0.263632671091482 0.000193893262826798
0.966069550591675 7.34744954512955e-05 0.0337835084447023 7.34664681715035e-05
0.959517607532817 9.91471495327494e-05 0.0402815379182815 0.000101707399369037
0.631097238617445 0.000157609921465244 0.368587487008315 0.00015766445277395
