0.309461927180864 0.0435697288147511 0.598282913664167 0.0486854303402181
0.00224786623319188 5.37234036327714e-05 0.997585047169843 0.000113363193331883
0.0465566591073829 0.000744890006317922 0.945715836568597 0.00698261431770242
0.324287307968243 0.000204435370731249 0.675303642472001 0.000204614189024914
0.340172708186598 0.000115481129369092 0.659596314352999 0.000115496331034039
0.726991623885975 0.000131854449595788 0.27274478725224 0.000131734412188954
0.0464494413289228 5.45292206844489e-05 0.953441466919644 5.4562530749192e-05
0.000138914877386375 0.00374651768159812 0.989433255592561 0.00668131184845483
0.207987528456569 0.000142053940312682 0.79172846867101 0.000141948932108559
0.000144912021857608 0.671197536493495 0.00258189080575723 0.32607566067889
0.786780455397642 0.000236149405788936 0.212744191207013 0.000239203989556415
0.777347924351789 0.000142260996503772 0.222367492061555 0.000142322590151606
0.244240779921337 0.00013581301144953 0.755487591233301 0.000135815833912892
0.00115017859197537 5.02469810102788e-05 0.998749370063015 5.0204363999392e-05
0.205929814206926 0.00016542778797803 0.793739371936885 0.000165386068211076
0.569765086184236 0.000202317455164244 0.429830637094017 0.000201959266582574
0.299079192908692 0.00017203827835276 0.700576753359573 0.000172015453382167
0.0809832689782974 0.000184428635775531 0.918647866511446 0.000184435874481559
0.000931630873594838 5.22903642438267e-05 0.998923685989703 9.23927724577991e-05
0.328198722685134 0.000279635703650108 0.671242086777069 0.000279554834147309
0.633835907241252 0.000138480368826796 0.365707238998304 0.000318373391616992
0.1865667575797 0.000713297794189721 0.81171690245372 0.00100304217239063
0.136742815294168 7.54013127879627e-05 0.863106370165679 7.54132273653698e-05
0.0778325691900392 7.64645987669362e-05 0.922014495193195 7.64710179984426e-05
0.726411245188304 0.000270546788444363 0.273047725463108 0.000270482560143578
0.803619041236086 0.000150124616637937 0.196080735024679 0.000150099122597202
0.853964651303705 0.000201267617984752 0.145632737761916 0.000201343316394181
0.760880885379754 0.000292008616802311 0.238290772788245 0.000536333215199047
0.0466642851894051 0.000103774122447243 0.953128150603071 0.00010379008507644
0.00028571687930224 5.29812199615506e-05 0.999493853881553 0.000167448019183191
0.822803914145517 0.000198271053494741 0.176799321406414 0.000198493394574621
0.484065240687284 7.84674757704363e-05 0.515777751870157 7.85399667880696e-05
0.000375381431229214 0.0954618994917779 0.774464452683398 0.129698266393595
0.150018453788788 0.000325871482335852 0.848984475230711 0.000671199498165564
0.259519283630586 7.22648370592268e-05 0.740336156918956 7.22946133991762e-05
0.0371643409990489 3.41109602362334e-05 0.962767280629926 3.42674107892468e-05
0.00232161781416567 5.53163342640572e-05 0.997567745329308 5.53205222621994e-05
0.000280087009043655 4.19441296401641e-05 0.999636023906926 4.19449543901957e-05
0.11398987860162 0.000252691793998395 0.885504494170588 0.000252935433794234
0.0772900913545132 0.000187196270093 0.922335517034001 0.000187195341392372
0.000141172928547734 0.384032220760266 0.000140988487466762 0.615685617823719
0.178170346640876 0.000488575766109668 0.821176040830288 0.000165036762726052
0.109728232040464 0.000185416197999522 0.889900374000927 0.000185977760610082
0.451264159393963 0.000219133827915261 0.548297495718648 0.000219211059473702
0.949562124035392 9.69482818674055e-05 0.0502439807169777 9.69469657624215e-05
0.755258009987308 0.000118692545450297 0.244504130555552 0.000119166911689644
0.0906574109606517 0.000177303679665127 0.908988102771234 0.000177182588449138
0.000498458805349905 0.346565418222131 0.179067093223042 0.473869029749478
0.0668717100363692 0.000175548465420946 0.93277715327999 0.00017558821821986
0.811403840187852 0.000156143749619619 0.188283765025275 0.000156251037253079
0.652253688750583 0.000186960762978954 0.347372392793094 0.000186957693344364
0.288297367130825 0.000140787090217946 0.71142105805112 0.000140787727836542
0.373260193488941 0.000163771348842483 0.626412406063162 0.000163629099053989
0.0515110430387432 9.61422641618331e-05 0.948296450136073 9.6364561022398e-05
0.000699556311547936 8.61618971214371e-05 0.999066895187629 0.000147386603701738
0.0138658163141453 9.29007736285424e-05 0.985948357344234 9.29255679918846e-05
0.103013170002558 0.000155365245877789 0.896628626951045 0.000202837800520188
0.0933876752451104 0.00100344649796504 0.905287537943312 0.000321340313612639
0.0366133818890082 0.000133474835070154 0.962937871683592 0.000315271592329669
0.530586984605443 0.00018928463879389 0.469034466513309 0.000189264242454963
0.000163172001591095 1.51683861030424e-05 0.999806496223104 1.51633892020841e-05
0.0336175348107131 5.72670024225671e-05 0.966267763531411 5.74346554533027e-05
0.31981289631623 0.00113142286804065 0.678000069176994 0.00105561163873508
0.0367228347588975 7.24727673655563e-05 0.963132240124176 7.24523495609749e-05
0.508696169111886 0.000249504407164056 0.490804939390157 0.000249387090793394
0.700181493820793 0.000139595087976012 0.299541824343227 0.000137086748004353
0.235137290780363 8.53056989298656e-05 0.764692096785055 8.53067356520089e-05
0.215578526889421 0.000197734779751492 0.782737475071032 0.00148626325979548
0.53161731883374 0.000116396439772826 0.468149971992921 0.000116312733566727
0.0485408005465689 8.19242809515987e-05 0.951295130907431 8.21442650485478e-05
0.388796966042307 0.000183427389389042 0.610836190761361 0.000183415806942367
0.700104683462879 0.000123560146284352 0.299648213064921 0.000123543325915195
0.327079269891988 0.000148929036027463 0.672622798622575 0.000149002449409097
0.719098530581569 0.000144570759274879 0.280612462736228 0.000144435922927726
0.510762157870483 0.000195614333071489 0.488846633003355 0.000195594793091088
0.0246521819557663 4.48763809593663e-05 0.97525802458489 4.49170783840567e-05
0.153396910014323 0.000194821392934494 0.846213581687571 0.000194686905171912
0.225864397210006 0.000126591256329304 0.773882390890788 0.000126620642876166
0.47388778775284 0.000311024233044036 0.525490093458786 0.000311094555330427
0.040206873497883 0.0209239147191403 0.920948697152068 0.0179205146309083
0.000336858545705008 0.000352557482173044 0.999133886541807 0.00017669743031449
0.332142025317764 0.000152554444796429 0.667553349241209 0.000152070996230439
0.0530232848624988 6.00286880111102e-05 0.946856665253446 6.00211960436132e-05
0.260223338654112 0.00240406756546645 0.736124105342124 0.00124848843829783
0.322303235352452 0.000187468156555396 0.677322004171275 0.000187292319717934
0.0106278211284441 6.36472281674437e-05 0.989244870936069 6.3660707319739e-05
0.00305797862200524 5.64881792434154e-05 0.996771493040265 0.000114040158486226
0.54166720771523 0.000169131264999482 0.457994469558642 0.000169191461128794
0.000883322381776083 4.60801020091033e-05 0.998981276015049 8.93215011656441e-05
0.486890824675305 0.000121174305366301 0.512866830300878 0.00012117071845129
0.285868176894644 0.00017772204679868 0.713776359556471 0.000177741502085498
0.333043380066978 0.000141776164385415 0.66667297294798 0.000141870820656719
0.501742478079185 0.00014613188874314 0.497755728105042 0.000355661927029334
0.0637100700032456 0.000147379854935431 0.935330725238489 0.000811824903330264
0.73984473716891 0.00538182028405153 0.235918537258422 0.018854905288617
0.0591098203274425 9.80364451492985e-05 0.940694121315295 9.8021912113393e-05
0.061782354406699 0.000204548286354073 0.937808557237845 0.00020454006910222
0.35180804576743 0.000144061667874331 0.647903842616852 0.000144049947842959
0.000239329726906537 0.630141789519494 0.00941978696599364 0.360199093787605
0.441712477481495 0.000102463438822456 0.558082550776905 0.000102508302777842
0.382689896377147 0.00046411303515995 0.615984422464713 0.000861568122980027
0.410796247015382 0.000351861656241583 0.588130369630013 0.000721521698363683
0.334064650255317 0.000135942663234494 0.665663863774118 0.000135543307330464
0.000314035115468541 9.34082485101279e-05 0.999281055174127 0.000311501461893961
0.746261460645433 0.000154822979339701 0.253430646241068 0.000153070134159308
0.00681986454216705 0.00194002715035819 0.990186102134085 0.00105400617338967
0.252646347895792 0.000203218343338256 0.746947223281262 0.000203210479607436
0.217749298431817 0.00012060582668684 0.782009484643796 0.000120611097700798
0.380191453042404 0.000197600418251384 0.619348701082861 0.000262245456483297
0.609320746005291 0.000153501713061126 0.390372306387922 0.000153445893726389
0.869275966765418 0.000148495406720433 0.130427104355584 0.000148433472277426
0.390904711912915 0.000139346409717452 0.608816621857625 0.00013931981974335
0.764205233438359 0.0001859035149929 0.235422648856141 0.000186214190507474
0.527424289572276 0.000152492645828846 0.472270732833531 0.00015248494836387
0.0300856545123106 0.000222720728560965 0.965138208984494 0.00455341577463438
0.116857896822623 6.88694993313955e-05 0.883004279404745 6.89542733007586e-05
0.713004594953365 0.000130586974542564 0.286734263419105 0.000130554652987904
0.000924930405800855 4.95277932018969e-05 0.99897601617341 4.95256275875311e-05
0.870876509286268 7.98484496299737e-05 0.128964631503449 7.90107606527637e-05
0.102736264186307 0.00117437401774901 0.895270837560855 0.000818524235088826
0.0816521446266385 0.000105054887772568 0.918137588440184 0.000105212045404509
0.379136832062328 0.000146328849693646 0.620570841688551 0.000145997399427813
0.235278423141443 0.000143129242013841 0.764435301080748 0.00014314653579497
0.926848699987245 6.10638829504169e-05 0.0730282046999095 6.20314298955132e-05
0.000301104643205462 0.000116542985369581 0.998667858951175 0.000914493420249451
0.0512673895347327 0.000124396561937996 0.948483812408491 0.000124401494838474
0.838746504147086 0.000118198972711375 0.161017509225658 0.000117787654545081
0.0429726450588393 0.00013777908251625 0.956751776135174 0.000137799723470103
0.113633708159195 0.000144101551252181 0.886078045099278 0.000144145190275004
0.00402595549512841 0.00104103771807142 0.994176433962843 0.000756572823957261
0.383249674909012 0.000185605493354509 0.616419701556897 0.000145018040736373
0.159809274194865 0.000123657114781943 0.839936862444775 0.00013020624557763
0.201588984557329 0.000111469203544186 0.798188105188459 0.000111441050667786
0.247692494825736 0.000142632728990599 0.752022247066845 0.000142625378428702
0.342082797850793 0.000168040434244252 0.657581032735292 0.000168128979669956
0.183777003553718 0.000147641276515709 0.815927721200417 0.000147633969348716
0.652456301273863 0.000151642240221276 0.347239998769863 0.00015205771605259
0.537480932251036 0.000252579993751335 0.462013875402937 0.000252612352275379
0.283676176157953 0.0001615292055674 0.716000722705366 0.000161571931113636
0.0958895911970913 8.20063983903256e-05 0.903946856981249 8.15454232689836e-05
0.41551522188734 0.000139875764462929 0.584204843371084 0.000140058977112117
0.844494988175355 0.000149766699937325 0.155205680674958 0.000149564449749985
0.366314621644227 0.000132791214525235 0.633419438667525 0.000133148473722208
0.502049797489865 0.000316172986530783 0.49639230762143 0.00124172190217471
0.0752896835153228 0.172487438663881 0.438286179961535 0.313936697859261
0.327718228513274 0.000240387262340424 0.671224089870885 0.000817294353500881
0.000295423678746024 0.763167696802058 0.101928313591014 0.134608565928181
0.959281277172024 0.000120149925896098 0.0404784349992666 0.00012013790281334
0.408137418642357 0.00488927167741721 0.583427217336166 0.00354609234406026
0.0207142031162839 7.51325115316516e-05 0.979135536174756 7.512819742886e-05
0.676838933199799 0.000261801116386976 0.322637555266978 0.000261710416835946
0.280215565208552 0.000121068039573476 0.719107036699815 0.000556330052059502
0.646051150504332 0.000214970248023485 0.353519294641181 0.000214584606463554
0.577567335753091 0.000147406317665218 0.42213783602044 0.000147421908804119
0.289876467604416 0.000180116971618018 0.709763387278917 0.000180028145049081
0.333274218561862 0.000180263981112145 0.666136538278605 0.000408979178420625
0.0384085757103749 9.04443091658209e-05 0.961410535530826 9.04444496331669e-05
0.829786840295356 0.000127565369776669 0.169958024543985 0.000127569790881881
0.0406664281983984 0.000393478888759065 0.958865850896999 7.42420158438072e-05
0.235863367239167 0.00057301876058515 0.763410986447286 0.00015262755296211
0.0347012423917831 0.000233752962301212 0.964869030558145 0.00019597408777041
0.397787674612129 0.000148049164247813 0.601916196850098 0.00014807937352495
0.389204146021405 0.000197723558275481 0.610400395572423 0.000197734847895789
0.918832549553989 0.00012395531081464 0.0809196086345684 0.000123886500628332
0.000287089987342207 0.0378999189996686 0.909794174712199 0.0520188163007904
0.422402880555695 0.000149621832831823 0.577297908459352 0.000149589152120755
0.000222266815988027 0.597191624896162 0.0240864486967866 0.378499659591064
0.249120533229388 0.000192608514723548 0.750493986674317 0.000192871581571539
0.281505006528355 0.000152655142994547 0.718189713009057 0.000152625319593973
0.0168427228800249 8.98168452154402e-05 0.982977644897915 8.98153768443736e-05
0.332098265395482 0.000143725267395166 0.667614495030612 0.000143514306511689
0.136101927070381 0.000103273986001656 0.863691526530148 0.000103272413469074
0.492125573871179 0.000176276169220672 0.507521846805869 0.000176303153731197
0.247272402851983 0.000172621023817899 0.752382423483622 0.000172552640576363
0.00201480963805713 4.82895186565921e-05 0.997844710217158 9.21906261286169e-05
0.461123191205705 0.00014241101850217 0.538592404756552 0.000141993019240696
0.455130375660804 0.00017020464904133 0.544529222922248 0.000170196767906821
0.546226005651011 0.000160606045100515 0.453452467854282 0.000160920449606346
0.27648984501472 0.00185288072754665 0.719159738261053 0.00249753599667987
0.271225112362508 0.00015453345930946 0.728465934148905 0.000154420029277623
0.27863361747258 0.000163560550913942 0.72082478199664 0.00037803997986579
0.317997478765202 0.000148191483778988 0.681706275235258 0.000148054515761055
0.000256120601697095 0.598480213440581 0.00373915300957698 0.397524512948145
0.057890888276112 4.76547026939492e-05 0.942013866043758 4.75909774362061e-05
0.611595500132669 0.000200302818801889 0.388003938773314 0.000200258275215181
0.000397192782594121 0.000529426499894195 0.998374879899846 0.000698500817665316
0.453118162470365 9.99602625993135e-05 0.546681922776262 9.99544907736645e-05
0.0754633595337067 0.000126838195506822 0.923759581541075 0.000650220729711083
0.000705153532738871 0.112588026169344 0.557418861535247 0.329287958762671
0.603958326141615 0.00020114842351149 0.395640717000242 0.00019980843463114
0.57312937603432 0.000141666741961693 0.426586712623289 0.000142244600429172
0.109541971578451 0.000156581420780461 0.890144854003361 0.000156592997407239
0.934909145477317 0.000107899657512171 0.0648750581961473 0.000107896669023659
0.322075650953198 0.000145499750336623 0.677633310720975 0.000145538575490893
0.475441868117154 0.000122381701276174 0.524313303129348 0.000122447052222295
0.521013627313472 0.00043844871173956 0.478116730906039 0.000431193068749622
0.13737417291185 0.000181377942289582 0.862262876738134 0.000181572407726101
0.558995918827796 0.000126801658032244 0.440750498827519 0.000126780686653296
0.341757822789009 0.000127337375067455 0.657987509097096 0.000127330738827271
0.371710618568933 0.000192626598339099 0.627904180027643 0.000192574805084973
0.00197220801146117 0.000233954462424956 0.997654118806374 0.000139718719739486
0.000863380665982944 0.290659912385043 0.481370332704488 0.227106374244487
0.0375955697062084 0.000163698240711538 0.962077051109517 0.000163680943563083
0.768394730098924 0.00015201148610347 0.231301250611214 0.000152007803758534
0.297744142858052 0.000362174168191526 0.701529473678245 0.000364209295511851
0.00932829667031072 3.1607532666122e-05 0.990608465066166 3.16307308572617e-05
0.471653964856975 0.000296139354753504 0.527062199844866 0.000987695943405568
0.360566703964263 0.00015349133231429 0.639126350830338 0.000153453873084938
0.038615936942136 6.40179812587839e-05 0.961256210411542 6.38346650629667e-05
0.00516721451686286 4.48616438437431e-05 0.994743052830667 4.48710086261862e-05
0.702582654555311 0.000135581779247066 0.297146206226246 0.000135557439196577
0.00310047071319348 0.000316568455430028 0.996196955225903 0.000386005605473957
0.158239671661743 8.07798367475858e-05 0.841598599789816 8.09487116935676e-05
0.0098348419577994 8.859112842971e-05 0.989987958995024 8.86079187467454e-05
0.458171672401022 0.000178095429786474 0.541472359176009 0.000177872993183218
0.388033797619605 0.000813008357054155 0.607695111618781 0.00345808240456069
0.303253420683 0.000155682838015781 0.696435210169205 0.000155686309779186
0.604362402132975 0.000226484279531935 0.395184699604469 0.000226413983024824
0.00129964503286203 3.00874982246669e-05 0.998640169214551 3.00982543619416e-05
0.0408596820293855 5.74563241578756e-05 0.959025639627033 5.7222019423579e-05
0.00104381312175961 6.0882275631473e-05 0.998834423914267 6.08806883414224e-05
0.000282428574880446 0.000348542460399464 0.999281271132046 8.77578326739365e-05
0.656912031854603 0.000201636435977373 0.342684709626914 0.000201622082505586
0.0182959703518949 0.000504512986265446 0.980866871798801 0.000332644863038258
0.409362651966963 0.000121566313583057 0.590394437909457 0.000121343809996988
0.0146240748288572 3.30539711486654e-05 0.985309614523169 3.32566768249135e-05
0.265024592009239 0.000151894127096089 0.734671579194557 0.000151934669107584
0.00750170528567487 0.0205457803969429 0.948692645927979 0.0232598683894033
0.0318275270646339 0.000410592930521714 0.967575861443999 0.000186018560845257
0.0219341011222492 0.276869917025171 0.446326447646499 0.254869534206081
0.0443251345322761 0.000451366534261041 0.954940935199878 0.000282563733584794
0.758480365781221 0.000146200279767081 0.241227429362556 0.000146004576455313
0.0015523235413327 0.000106121713751851 0.998188864931887 0.000152689813028574
0.498786090180111 0.000184115059240276 0.500845654428002 0.000184140332646517
0.687417235175896 0.000175595671567814 0.312231650992755 0.00017551815978158
0.0844656136463233 0.000125655343237447 0.915282850841 0.000125880169439224
0.35077374490412 0.000237412400659978 0.648751838849526 0.00023700384569371
0.00030696472549701 3.0331695069646e-05 0.999555556989571 0.000107146589862575
0.00259032530362034 4.7482959947763e-05 0.997314708632237 4.74831041950816e-05
0.385526285868635 0.000179217241073817 0.614115427355204 0.000179069535087694
0.0004206381547891 2.02867437627673e-05 0.99953878917939 2.02859220578722e-05
0.0172652784178644 0.00133332314020775 0.980281953327684 0.00111944511424434
0.183639005133965 0.000153558228581812 0.8160538702811 0.000153566356353633
0.146975221919283 0.000524250960212702 0.85114681441845 0.00135371270205464
0.665523432063501 0.000177642520107521 0.334121137329161 0.000177788087229617
0.691299935864617 0.000145937393061159 0.308408182048258 0.000145944694064174
0.340707520074955 0.000158224883716729 0.658976155887329 0.000158099153999257
0.00430745568659589 1.99361947521191e-05 0.994880233663354 0.000792374455298178
0.00253905281662273 5.72302678019321e-05 0.997305508039487 9.82088760881422e-05
0.261470142154403 0.000169525161337213 0.738190821358721 0.000169511325538647
0.273158122535717 0.00432165432551108 0.716266655094835 0.0062535680439367
0.0143645370592991 5.7255838641102e-05 0.985520854645857 5.73524562024121e-05
0.854702547456327 0.000102946182259496 0.145091093187382 0.000103413174031553
0.0669920695273706 0.000142432420023689 0.932723071098078 0.000142426954527886
0.708091095385085 0.000123485210798698 0.291661933248878 0.00012348615523836
0.0135601980712962 0.00010477362169055 0.986230238761357 0.000104789545655846
0.0826304503309347 7.98820940216736e-05 0.917209631061269 8.0036513774139e-05
0.255408938117842 0.00100882854300365 0.742568252818467 0.00101398052068673
0.80784053429249 0.000140035437261454 0.191879513768785 0.00013991650146436
0.524045414394943 0.000387731374585655 0.475179113032981 0.000387741197489882
0.745430276950555 0.00017248656996714 0.254224609958019 0.000172626521459106
0.515320199769778 0.000211617165511309 0.484256490174396 0.000211692890313879
0.277195379741303 0.000171740927588088 0.722461055086635 0.000171824244474094
0.00441457486565349 0.000110278053758028 0.995364888706071 0.000110258374517266
0.342597776362747 0.000167127478898077 0.657068080856696 0.000167015301658583
0.000280039125187703 0.0826407090333651 0.875860844234676 0.0412184076067714
0.00135885173060382 0.000249120359450322 0.99810946691768 0.000282560992266252
0.0623092745250399 0.000150558101611827 0.937389622254535 0.000150545118812982
0.122172591924936 9.73261997773342e-05 0.877632966423724 9.71154515621956e-05
0.693168354702126 0.000171239587942767 0.306489299391965 0.000171106317966914
0.043435581998146 0.000110736555825512 0.956338599979217 0.000115081466811471
0.47261534839973 0.000121691162171816 0.527141106643421 0.000121853794677874
0.0461299586513798 0.000188489968221503 0.951543190773604 0.00213836060679437
0.604896885988288 0.000141009650460002 0.394820913609069 0.000141190752183408
0.666110795677275 0.000122838117788391 0.333643513597355 0.00012285260758128
0.0281217891148403 8.50627416165122e-05 0.969047334054511 0.00274581408903233
0.0544831262788612 6.2851569333586e-05 0.945391210966608 6.28111851973293e-05
0.00391532160180138 0.0641759204814725 0.865812975158747 0.0660957827579793
0.530833747320769 0.000146293678021507 0.468873766613577 0.000146192387632025
0.494375744932197 0.000148810639824331 0.505326746431596 0.00014869799638184
0.925296014818089 0.000104412440927127 0.0744950612497073 0.000104511491276682
0.0234750377506099 0.0103622209045848 0.939332021825318 0.0268307195194871
0.0167311400800431 0.000121084610847536 0.982721379977012 0.000426395332097473
0.485675079272939 0.000225228551914951 0.51387445897613 0.000225233199015785
0.283165505525546 0.000140057948352082 0.716554355776503 0.000140080749599246
0.424996665896486 0.000160101202064246 0.574683466556994 0.000159766344455912
0.0104214155042603 0.00143652792107667 0.986406758424079 0.00173529815058435
0.318520383656413 0.000193445836417398 0.681092828444538 0.000193342062631288
0.333995129906475 0.000135700987445355 0.665732649203323 0.000136519902755951
0.58004814923128 0.000141772920305947 0.419668305939621 0.000141771908793543
0.619673341691959 0.000210887593553762 0.379904855110413 0.000210915604074516
0.136510362044263 0.000243099820175449 0.862739291020954 0.000507247114607687
0.45089823703434 0.00018345526057751 0.548735834091388 0.00018247361369378
0.108313326594273 9.22185546352417e-05 0.891399450066671 0.000195004784421002
0.00651809422091126 8.02204184825319e-05 0.993117597155722 0.000284088204884461
0.0611529159445068 0.000171021586390568 0.938438166458918 0.000237896010184759
0.766263777848015 0.000212550197781766 0.233310836202818 0.000212835751384825
0.000135802668660923 0.000310782856825844 0.999412274769978 0.000141139704534816
0.000435219181123725 0.000267719023059235 0.998701484178453 0.000595577617364423
0.629248223671225 0.00022884281436484 0.370294014285833 0.000228919228577516
0.000731903248265312 7.32341114526885e-05 0.999121629321888 7.32333183936656e-05
0.183131040186012 0.000170144815915618 0.816528642320871 0.000170172677201384
0.19011167667574 0.000180660184580202 0.80952713091049 0.000180532229188881
0.396617939192581 0.000326449048205957 0.602729285825471 0.00032632593374247
0.227180009528321 9.5194009157599e-05 0.772629681367469 9.5115095052701e-05
0.513380915171655 0.000151082254370879 0.485724341058454 0.000743661515520196
0.00786121684302259 0.000160568893264543 0.991340774984123 0.000637439279589776
0.115438068208263 0.000130025708635684 0.884301944184931 0.000129961898170108
0.169048548512249 6.63480139077112e-05 0.83081876716507 6.63363087734071e-05
0.0563131756968999 0.00515860596493424 0.913361128017767 0.0251670903203984
0.508394214007035 0.000188400597736045 0.49122894219388 0.000188443201349128
0.0021352257017454 4.6573508851736e-05 0.997771624700159 4.65760892438329e-05
0.0684859286869943 8.68049645297044e-05 0.931340442466458 8.68238820180371e-05
0.611932756829293 0.00017222556765033 0.387722783236549 0.000172234366507211
0.632200665232443 0.000143443811166019 0.367512455527809 0.000143435428582177
0.624827433938235 0.00018873304799388 0.374795217944818 0.000188615068953293
0.287264151208794 0.000213758489972261 0.712308002507253 0.000214087793980179
0.530332519476206 0.0001860096158139 0.469295673684722 0.000185797223258007
0.88057914608606 0.000114782249615348 0.119191361005395 0.000114710658929066
0.00195763283990963 5.9142542937699e-05 0.997924086979115 5.91376380380418e-05
0.191197668497211 0.000169764109919166 0.808463042951682 0.000169524441188037
0.969083696991543 7.34041519430097e-05 0.0307693988849106 7.34999716037725e-05
0.0218478537538373 0.000179377262821361 0.977872366656154 0.000100402327187155
0.00912123289915149 5.66891234073826e-05 0.990765397633994 5.66803434476231e-05
0.714710634154188 0.000179843199784072 0.284929672067872 0.000179850578156054
0.481915113320431 0.000182907599129493 0.517719165453975 0.000182813626464213
0.0361159767727003 0.00389624366867464 0.947689272856683 0.0122985067019417
0.00131620484548187 4.0878417581844e-05 0.998601991672254 4.09250646826169e-05
0.109500808899028 0.000115993260666164 0.890267218739297 0.000115979101008559
0.0221055448596408 0.000144945319453434 0.977604564976619 0.00014494484428731
0.0525388639551233 0.000140923765262951 0.946460393352601 0.000859818927012536
0.186298025824159 0.000102665636293031 0.813496689809881 0.000102618729666822
0.000849813552192686 2.69780157534638e-05 0.999080774701011 4.2433731043052e-05
0.366660069010018 0.000133217197914496 0.633073394468203 0.000133319323864196
0.389430529223688 0.000180691408075365 0.610208019913053 0.000180759455183516
0.514914210435505 0.000161095592358018 0.484762771672996 0.000161922299140885
0.289147193632344 0.000205065998333362 0.71006084343809 0.000586896931232616
0.214948078349725 0.000154905628585864 0.784742240398052 0.000154775623636956
0.00575393339726487 0.000537395699706486 0.992997422742178 0.000711248160850773
0.645167923263106 0.000161578425149006 0.354365069394132 0.000305428917612925
0.763784632208002 0.000128122048549549 0.235959310382508 0.000127935360940663
0.00773168354896616 9.12016132274448e-05 0.992131563724963 4.55511128435834e-05
0.484649895170566 0.000843131257093217 0.511040523343528 0.00346645022881287
0.325938876539728 0.000124586909033066 0.673811936182851 0.000124600368388148
0.178619674811895 0.000171019323323393 0.820843950276528 0.000365355588253523
0.198829523071793 0.00019644508969216 0.800777685503239 0.000196346335276038
0.573522771875281 0.000177382914901479 0.426122136891743 0.000177708318074323
0.983748173156633 3.51295783379194e-05 0.0161814279560541 3.52693089749148e-05
0.510553472805786 0.000213037223221575 0.488921402664555 0.000312087306437181
0.0398670271900313 0.000142853643652 0.959847268707993 0.000142850458323824
0.190419432217462 8.40849379992791e-05 0.80941250754252 8.39753020191078e-05
0.0435547946887429 3.9801210271869e-05 0.956365612979597 3.97911213878052e-05
0.0715695742939951 0.000117900176326076 0.928194616679268 0.000117908850410551
0.912432015005121 9.07094726249859e-05 0.0873864456174163 9.08299048375361e-05
0.077795224030775 0.000168686539085872 0.921816347512063 0.000219741918075656
0.635723441385792 0.000145865891552405 0.363984815606094 0.000145877116561218
0.869234777014641 0.000118711443247092 0.130527366077095 0.000119145465016721
0.000480890710441821 0.160304961433422 0.301830859041081 0.537383288815055
0.039134676082455 8.00917519292081e-05 0.960705131770061 8.01003955544513e-05
0.250343034055757 0.000137884837683439 0.749381199078256 0.000137882028302837
0.000535947311702284 0.000277016449667536 0.998963312095326 0.000223724143304609
0.68736883450429 0.000162791264477392 0.312305173628496 0.000163200602736906
0.000796924537050659 4.2516464087166e-05 0.999118045592766 4.25134060965234e-05
0.354608294896569 0.000134423215402939 0.645122827831526 0.000134454056501497
0.00125404875376018 0.000137302613894061 0.998513238087607 9.54105447386003e-05
0.0368577769447836 0.000151383741599537 0.96283945914755 0.000151380166066778
0.605594693079041 0.000133034835629565 0.394139574012769 0.000132698072560968
0.0977716537849992 0.017400435174329 0.801342030735644 0.083485880305028
0.370849260243532 0.000142501380223946 0.628865869094558 0.00014236928168596
0.140468476208581 0.000217290705014252 0.859096850137137 0.000217382949267286
0.382489539945911 0.000180860427653006 0.617148895325466 0.000180704300970354
0.000317467764012437 0.401299627361043 0.0136330364638581 0.584749868411087
0.542619134108666 0.000133876397476504 0.457113067370129 0.000133922123728871
0.00831605046586855 9.19048489952612e-05 0.991500129503101 9.19151820347626e-05
0.655623639004979 0.000131355288414055 0.344113456123794 0.000131549582813243
0.151432458001554 0.000436187809588818 0.847644335190895 0.000487018997962796
0.517660156464101 0.000117373443974874 0.482105093725857 0.000117376366066844
0.00303160566220326 0.00010415354838518 0.996803405010911 6.08357785004519e-05
0.750434351242511 0.000155438967657365 0.24925477665059 0.000155433139241619
0.358775095499324 0.000157847138744274 0.640909242097258 0.000157815264673137
0.289161762786653 0.000167553428566552 0.710503156424911 0.000167527359869892
0.00148043817961801 3.99989635976365e-05 0.998439569838201 3.99930185836339e-05
0.773399977173173 0.000233794284882257 0.225471786682232 0.000894441859712935
0.383744438115915 0.000163432009626039 0.615928703473123 0.000163426401336121
0.530333959432848 0.000244683592057533 0.467745231694072 0.00167612528102272
0.238802225826815 0.000206058721861432 0.760785699838573 0.000206015612750999
0.00345638918605762 0.000603865671343173 0.995319882920309 0.000619862222289975
0.0457119926161515 0.00312291591288499 0.950133977759491 0.00103111371147226
0.0162029652514671 0.00112695784746148 0.982019005209276 0.000651071691795476
0.491848745582951 0.000336393369553229 0.507478562501656 0.000336298545839078
0.267875978876812 0.000105907354842838 0.731911751415601 0.00010636235274471
0.372457694250542 0.000140067664932944 0.627262630303686 0.000139607780839438
0.894506063149589 0.00025656330895583 0.104980879445974 0.000256494095480903
0.237444426642242 0.000117917460342555 0.762319778578227 0.000117877319188874
0.000324517574002309 0.000352332975419619 0.998955291821094 0.000367857629483623
0.737886550075148 6.65539494158114e-05 0.261980297035196 6.65989402401617e-05
0.0486996261250781 0.000117346104544193 0.951065675800795 0.000117351969583063
0.853067723241701 0.000120773553615085 0.14669072442555 0.000120778779134059
0.323321868605557 0.000143269192149291 0.676391681364238 0.000143180838055633
0.493254602222468 0.000299790963716879 0.506145788718827 0.000299818094987613
0.528965914592998 0.00015089653812517 0.470732317306974 0.000150871561902969
0.0651663150403639 0.000162698022858874 0.934508305284688 0.000162681652088804
0.00916339867902241 7.83039637339759e-05 0.990573437025548 0.000184860331695704
0.0158888786011895 0.00214110958326691 0.978575813453871 0.00339419836167247
0.858427551359897 0.000113889793302633 0.141344794468959 0.000113764377840987
0.491092012053124 0.000159579573532801 0.508590290361575 0.000158118011768139
0.515066787792792 0.000256825620034628 0.484419146749212 0.000257239837961415
0.551536959443447 0.00024046663914456 0.447981954195039 0.000240619722369277
0.21765797131349 0.000146552784645763 0.782050380333917 0.000145095567947194
0.238365778913705 0.000164940534363551 0.761304368471439 0.000164912080492261
0.078324829561271 8.78159119426439e-05 0.921499520711148 8.78338156382776e-05
0.860411658753917 0.000130191207410627 0.139327981421088 0.00013016861758467
0.00471097294258203 5.52892070384822e-05 0.995178421811818 5.53160385610333e-05
0.710468603153361 0.000178955913605183 0.289173346530447 0.000179094402587145
0.066498270899642 0.000134317860899897 0.933233097270695 0.000134313968762916
0.0142380035048006 9.82994781004425e-05 0.985565406277643 9.82907394564229e-05
0.368137823181645 0.000197582324597036 0.631467058421955 0.000197536071803533
0.0996130202681947 8.1617068681224e-05 0.900223712301452 8.16503616718425e-05
0.762505865198565 0.000142585431749573 0.237209280873382 0.000142268496304077
0.288233983115095 0.000243660193240146 0.710863023278521 0.000659333413143945
8.01843392397322e-05 0.0032134858314046 0.995212599919475 0.0014937299098806
0.170199766822579 0.000153845538150726 0.829492502810239 0.000153884829030554
0.923264280830483 0.000122223936098965 0.0764912683120734 0.000122226921345106
0.569711503885285 0.000158675189279856 0.429970869368304 0.000158951557131322
0.512462123507318 0.000198931175324846 0.487140079940031 0.000198865377326109
0.159394717503151 0.000133075472673706 0.840339314099322 0.0001328929248534
0.392642114672508 0.000189464066706341 0.606978648809867 0.000189772450918878
0.617599245850675 0.000125555081605027 0.382151193554201 0.000124005513518932
0.142353840073563 0.000174278609450282 0.856305449291138 0.00116643202584844
0.270666132501695 0.000116964927507592 0.729099942705294 0.000116959865502579
0.00159659948394388 0.000585463968687979 0.997616733983847 0.000201202563521315
3.87619236554611e-05 0.000411556813153817 0.999319734916902 0.000229946346288909
0.440287562740511 0.00025099382002762 0.559210448239875 0.00025099519958658
0.0844238920717073 0.00768280738764683 0.901167740174997 0.00672556036564862
0.496239644629472 0.000177265482602243 0.503405626467785 0.000177463420140752
0.546271934356562 0.000183192538357746 0.453361752966382 0.000183120138698553
0.562134584249122 0.00046039340677079 0.436334462213808 0.00107056013029833
0.07872617707875 0.000468434253384792 0.918192891669834 0.00261249699803111
0.974623158837085 4.38210526575131e-05 0.0252892032267308 4.38168835267074e-05
0.00276183133158773 3.62339164661472e-05 0.997165696610352 3.62381415940573e-05
0.184722968711431 0.00014595967448041 0.814985081898609 0.000145989715479579
0.775819856966965 0.000174020484107533 0.223832079036394 0.000174043512533219
0.429493815609315 0.000128668308087409 0.570248898857079 0.000128617225518815
0.183543152456323 0.000174077188743391 0.81610869941819 0.000174070936743256
0.747509708382635 0.000130437929439269 0.252229426961535 0.000130426726391165
0.114714882376365 0.000134619146134756 0.88501562328553 0.000134875191969583
0.698683207110338 0.000194567095006506 0.300928118994101 0.000194106800553706
0.10336717069814 7.42837989399329e-05 0.896484215322223 7.43301806972732e-05
0.225499850678162 0.00017038145011002 0.774159399111991 0.000170368759736824
0.165422718774093 0.000137979870765766 0.834300998365077 0.000138302990063756
0.615126522893684 0.000132169219589664 0.384609073267043 0.000132234619682647
0.222450504195845 0.000156670434318346 0.777236149006959 0.000156676362877573
0.0872510452402703 0.000103663213571305 0.912541641153455 0.000103650392703695
0.095684050050881 0.000167958070332133 0.903980170344952 0.000167821533834618
0.656852998273053 0.00042343752919452 0.341731665980092 0.000991898217660264
0.648629075542385 0.000105563951524961 0.351158107660155 0.000107252845935129
0.284557791890516 0.000211217802303618 0.714780782826806 0.000450207480374685
0.0805160288892662 9.69307929627452e-05 0.919290132682508 9.69076352635512e-05
0.0174495299590967 4.55116632108503e-05 0.982459439052674 4.55193250186439e-05
0.0190495410543385 0.00156167211114982 0.977772117763395 0.00161666907111637
0.0675136637599015 0.000103181570507108 0.932280127690258 0.000103026979333059
0.172719149892331 0.000157219001969668 0.826623813334464 0.000499817771235064
0.391978815515578 0.000138361534766273 0.607744460854944 0.000138362094711073
0.397750334777473 0.000279765357316949 0.601690337067082 0.000279562798127364
0.0445563973828277 0.000135870221397827 0.953882996533058 0.00142473586271704
0.637529501450928 0.000146824438239771 0.36217680887804 0.000146865232791656
0.758135815768092 0.000122047964073392 0.241620224143145 0.000121912124689554
0.0400982558255458 0.00231674513730744 0.954093205925119 0.00349179311202789
0.738331458627052 0.00013864563499144 0.261391972641595 0.000137923096361406
0.331111857169088 0.000123279739043415 0.668641558933375 0.000123304158493812
0.263589226508368 0.000177390887644804 0.736055564690804 0.000177817913182573
0.0255164997630314 0.000138644947977324 0.97420630295522 0.000138552333771604
0.260424194429581 0.000124573401676174 0.739326589866038 0.000124642302704357
0.678706659757076 0.00016068974445699 0.320971959542692 0.000160690955775311
0.159041723672597 0.000155980857021138 0.840415938937568 0.00038635653281322
0.0187953363004524 8.02135490798345e-05 0.980932175654835 0.000192274495632922
0.477045578166312 0.000167108864841189 0.522620185278898 0.000167127689948579
0.0076348113548269 0.000141971563416272 0.99189494735455 0.000328269727206735
0.687286205775855 0.000139625397273005 0.312435066990127 0.00013910183674515
0.0712685474540919 0.00103100844505292 0.925101123821388 0.0025993202794667
0.0812880198846885 0.364370779483404 0.278034522167676 0.276306678464232
0.344598662036551 0.000148436494488231 0.655104446067717 0.000148455401244417
0.03515588845746 0.000146334485785793 0.96455152628906 0.00014625076769419
0.0173261990933393 2.38479788963703e-05 0.982625810305497 2.41426222676303e-05
0.0831697440882927 0.00197571293926131 0.910301328790734 0.00455321418171165
0.48688328416296 0.0282989558745384 0.352952947170159 0.131864812792343
0.632414601157347 0.000162978952504292 0.367259460492556 0.000162959397592301
0.479698093844316 0.000211229016402273 0.519792383654187 0.000298293485094802
0.553434801715933 0.000145003487671499 0.446275602730525 0.000144592065870511
0.126645679071046 0.00012693606904241 0.873100476902261 0.000126907957650821
0.54649329046033 0.000223822532804985 0.453059362741283 0.000223524265581737
0.000621520930315339 0.000381723934867996 0.998553904905757 0.000442850229059328
0.949401717787668 0.000113773562357205 0.050370941767718 0.000113566882256746
0.922850574112268 9.43419769860268e-05 0.0769608897249857 9.41941857598977e-05
0.432607900540815 0.000122547420843406 0.567146773816981 0.000122778221359959
0.350186252352306 0.000175450820016643 0.649462753071826 0.000175543755851701
0.565908965331974 0.000120517711908343 0.433849969289676 0.000120547666441198
0.603291754660824 0.000159913541588486 0.396388776951725 0.000159554845862369
0.935612334712455 0.000195567237351232 0.0639965254123249 0.000195572637869195
0.031457345247192 0.0043022604415904 0.954381681687558 0.00985871262365912
0.140991168898049 0.0001485059679412 0.858711844750627 0.000148480383382694
0.337425427980175 0.000182336710501063 0.662210027030632 0.000182208278692551
0.0115633925670051 0.000261820395869461 0.98786719306695 0.000307593970175473
0.452061766441563 0.000155040846777981 0.547627544121932 0.000155648589727585
0.350217325332109 0.000162435758955308 0.649460147611625 0.00016009129731022
0.777087534677561 0.000137795241077267 0.222636488371045 0.000138181710317601
0.0276295855284064 7.50486448377741e-05 0.972127880127969 0.000167485698786784
0.103046387745619 9.57206686555869e-05 0.896762377824364 9.55137613618915e-05
0.00473156925598804 0.0028373272014152 0.985131875456868 0.00729922808572923
0.0457123807904858 7.30667662017578e-05 0.954141608142604 7.29443007089516e-05
0.0458249113531443 0.0022389044530583 0.945427245782817 0.00650893841098023
0.546512502761992 0.000167036015474671 0.453153548300461 0.000166912922071924
0.0963269144011997 0.000107227572614343 0.903457819059812 0.000108038966373621
