0.000197700178624623 0.527573976409649 0.00112102760503403 0.471107295806692
0.496581791805657 0.000986874576337098 0.499463647201814 0.00296768641619173
0.54429265657542 0.000145127655022154 0.455417499265458 0.000144716504099789
0.644699438622731 0.000128411792507287 0.35504333194641 0.000128817638351629
0.781695789087661 0.000236442135434351 0.217830908728895 0.000236860048009745
0.000881143014380156 0.00307514269999796 0.992593417463206 0.00345029682241586
0.554707650865576 0.000127091100741553 0.445038183385288 0.000127074648394337
0.0734393265660115 0.000115245829680354 0.926330074554017 0.000115353050291076
0.679105463776684 0.000180993300634308 0.320018753683567 0.000694789239115224
0.71708925466412 0.000121678347469433 0.282667296144436 0.000121770843973757
0.727355785120801 0.000113894757690077 0.272416844471158 0.000113475650350687
0.0773729434696709 0.0115094509622622 0.898367142193225 0.012750463374842
0.693277489077829 0.000300673642925379 0.306121451362782 0.000300385916463847
0.00138958236817592 0.000552986067399261 0.997649508730681 0.000407922833743894
0.452457492344045 0.000649539611526563 0.544975383410549 0.00191758463387967
0.119645309714709 0.000161571009884697 0.880031402131928 0.000161717143478502
0.574888622142926 0.000120680795668388 0.424869817536795 0.000120879524610488
0.403985070817746 0.000187367771344505 0.594341340763905 0.00148622064700447
0.0518614950960061 0.00815565822293462 0.933282847445696 0.00669999923536304
0.0811573117924021 0.000183908232723989 0.913007032822616 0.00565174715225775
0.710996905508187 0.000493099149330068 0.288017040179462 0.000492955163020633
0.359916970456243 0.000100580282110668 0.639881862446465 0.000100586815181135
0.0320940023058127 0.000106924390516073 0.966983219280611 0.000815854023060404
0.0833133965826742 5.88355323410063e-05 0.916568741437103 5.90264478813656e-05
0.255661448526174 0.00987959599834178 0.721321068431544 0.01313788704394
0.000940723573222253 0.00223398773927186 0.99242515184801 0.00440013683949583
0.538421145077558 0.000137350973487396 0.46130439242092 0.000137111528033812
0.345995612225878 0.000156952495815306 0.653690539914641 0.000156895363665722
0.76103875194688 0.000212990150866459 0.238534979578958 0.000213278323295802
0.486565517406983 0.000118344803551588 0.513197782607692 0.000118355181773828
0.323609476322887 9.9993188334155e-05 0.67619010907427 0.000100421414508894
0.856235288475916 0.000220499076063137 0.14332354546268 0.000220666985341319
0.121067395697799 9.67643531932054e-05 0.878739174333084 9.66656159240431e-05
0.536717675061374 0.00016550424889472 0.462947381596146 0.000169439093585101
0.356436760518066 0.000100335336109074 0.64336305085438 9.98532914453824e-05
0.00752723587616827 0.00933757136609045 0.978457873693767 0.00467731906397444
0.0861459776572824 7.06876431246491e-05 0.913712702395734 7.0632303859048e-05
0.192249405092179 0.000381569448487848 0.802659990839187 0.00470903462014566
0.00251651524882576 0.012032641540517 0.956335800691457 0.0291150425192005
0.204712398695154 0.000188645401395773 0.791792259218508 0.00330669668494189
0.287256739660447 0.00183519328547139 0.676805030954329 0.0341030360997521
0.606993376504271 0.0001517680195665 0.392702947665864 0.00015190781029899
0.246440139938204 0.000133822453493696 0.75329217145116 0.00013386615714236
0.131282014285141 8.119214975256e-05 0.868555555400951 8.12381641549715e-05
0.0093312800948277 0.000166427021196648 0.989975488749032 0.000526804134943769
0.368336890475117 0.000219151815067961 0.63122409720785 0.000219860501965052
0.0386564927810726 5.42713628503147e-05 0.96058833590758 0.000700899948496892
0.287740361405004 0.00208799926483963 0.709157468547765 0.00101417078239206
0.942154816037885 0.000130269261465404 0.0575846732829298 0.000130241417719767
0.0566976413175356 0.0321779512636319 0.849812679375811 0.0613117280430221
0.246235646621704 0.00048974346879811 0.750424932584352 0.0028496773251458
0.0366231541422645 0.00115871703835778 0.960510865434251 0.0017072633851267
0.328715628533672 0.000134076678931555 0.671016403640813 0.000133891146583297
0.0802093774913702 9.18973864377137e-05 0.918934870494447 0.000763854627744648
0.234386981638126 0.000103533813088932 0.765405883888144 0.000103600660641512
0.628635206112679 0.000146885156623556 0.371071704886949 0.000146203843749357
0.349951135625358 0.000161894528993782 0.649725111377147 0.000161858468502309
0.00587843736292826 0.000100644372986348 0.991168839812015 0.00285207845207043
0.113405920863158 6.42427778596726e-05 0.886465636702425 6.41996565577988e-05
0.379334891975374 9.01867509849706e-05 0.620484818852467 9.01024211746498e-05
0.166804764067638 0.000129372283969373 0.832565224812969 0.00050063883542334
0.242587314241686 0.000175090510829436 0.757062378911026 0.000175216336458372
0.811162820383372 0.000121250378352566 0.188594747628741 0.000121181609535463
0.0117246424178593 0.00827226216838873 0.979452336503751 0.0005507589100009
0.027621289887957 0.000127551875627374 0.970533619274908 0.00171753896150759
0.626482299092714 0.000181333275819195 0.373155240962234 0.000181126669232363
0.615617266137203 0.000104382290584177 0.384173663684235 0.00010468788797801
0.157341324385089 0.00018382955170465 0.84155658068757 0.000918265375636866
0.0540393598447405 0.00166478187695881 0.926771409591463 0.0175244486868374
0.518252546327294 0.000156369810341941 0.481434982359625 0.000156101502739079
0.866988648572924 0.000138817623405914 0.132733788109797 0.000138745693873452
0.709169492129571 0.000112843600123723 0.290604693542342 0.000112970727963443
0.0639097769531502 4.79407733133828e-05 0.935994401924179 4.78803493572216e-05
0.270683065154284 0.00016779606502143 0.728981693057841 0.000167445722852988
0.000665698490506755 0.220579505868943 0.60049214362074 0.17826265201981
0.0436010038203122 0.00136386846545501 0.950237778464933 0.00479734924930018
0.374808363477864 0.000168087993018039 0.624855478304946 0.00016807022417236
0.144180030840509 0.000101812069941474 0.854134551606103 0.00158360548344669
0.094287937730447 0.000117756212019303 0.905476650345764 0.000117655711770112
0.163412635103652 8.2329773103666e-05 0.83642289944784 8.21356754043996e-05
0.233639718793765 0.000244642698464568 0.765870910651634 0.000244727856136322
0.0829830525103244 0.000113915265782171 0.916789426546541 0.000113605677352198
0.0289286243003679 0.000100199487280462 0.970793761793054 0.000177414419297213
0.148497025314039 0.000852277461432352 0.845843641177874 0.0048070560466547
0.00755446016671255 0.000110407760725143 0.991977882556915 0.000357249515647598
0.10281562363466 0.000203451592746761 0.895277533040336 0.00170339173225687
0.749353189597171 0.00019308037139891 0.250260929500226 0.000192800531203807
0.365214650591806 0.000246642425207834 0.634292557860578 0.000246149122407585
0.0670917490168191 0.437687106963651 0.239078330823963 0.256142813195566
0.410768596062794 0.000210936324818358 0.588156643424607 0.000863824187780726
0.641551287615574 0.000158312740201729 0.358131816175887 0.000158583468337598
0.595561989589559 0.000331721865321509 0.403774255144771 0.000332033400348333
0.379869173668593 0.000151139254420578 0.619828808255746 0.000150878821239882
0.647642344776449 0.000195632050703853 0.351966253604918 0.000195769567928617
0.838108203784974 9.33532213535004e-05 0.161705136890205 9.33061034669063e-05
0.0748460862068643 0.00413039817069241 0.900279486018076 0.0207440296043677
0.411102816407472 0.000104163684029232 0.588688480584008 0.000104539324490685
0.555769021547618 0.000133675431899389 0.443963598197675 0.000133704822807939
0.0510208065905235 0.000289823822711509 0.938747600979487 0.00994176860727782
0.0883456669898348 0.0417686284615617 0.804766739643201 0.0651189649054026
0.229816750904118 0.000163682775027912 0.768131202837375 0.00188836348347897
0.080120014810885 5.86003027289057e-05 0.919762848318425 5.8536567960584e-05
0.18316294917203 0.000153789435465984 0.816529393800036 0.000153867592468469
0.102486010582605 0.00309896240061076 0.880495958545652 0.013919068471132
0.633498426383838 0.000140957588883235 0.366219617148237 0.000140998879041876
0.325790994765264 0.000256798041797533 0.673095901101188 0.000856306091750774
0.493401767352109 0.000186413079393493 0.50622588473007 0.0001859348384275
0.252714410385685 0.000186970887299949 0.746878984648935 0.000219634078080288
0.126843342877841 6.25720739656586e-05 0.873030987529125 6.30975190675773e-05
0.201223479784636 0.000117120768037274 0.798542405237214 0.000116994210113069
0.0052952122485885 0.0193007309131064 0.927629954591214 0.0477741022470907
0.647471183291264 0.000126147187305727 0.35227660701547 0.000126062505960422
0.0078713813583321 0.33877566905015 0.0183157695773856 0.635037180014132
0.117245705727978 7.65701726237566e-05 0.882601139322061 7.65847773371099e-05
0.0686153183105634 0.000121731317540139 0.931141219282552 0.000121731089344155
0.277466465074917 0.000173273190466732 0.722186993749283 0.000173267985333317
0.159127519422585 0.00513910723321868 0.719070414042393 0.116662959301803
0.0860466661484987 7.20645470493113e-05 0.913809221475455 7.20478289970714e-05
0.291577499191828 0.000105690568922808 0.708210530269014 0.000106279970235375
0.477337566093088 0.000168404948257095 0.522325590261551 0.000168438697104387
0.630228451878299 0.000136323889326181 0.369498875237127 0.00013634899524768
0.716749871398521 0.000119257238698603 0.283012534767494 0.000118336595286633
0.273268478636553 0.000101594692397443 0.726527968443678 0.000101958227372129
0.675360102186554 0.000129823881630745 0.324380737130128 0.000129336801686727
0.194592245201272 0.000151396143946524 0.805105207260594 0.000151151394187649
0.273673897490988 0.000250457870207086 0.725545210857397 0.000530433781407552
0.132881150597754 0.000159171519429259 0.866781406824196 0.000178271058620686
0.327227036938428 0.000134591750435003 0.67250370000319 0.000134671307947243
0.705822156030411 0.000128156174753089 0.293921535816344 0.000128151978492621
0.00467233684394207 4.56158011171622e-05 0.995236428124806 4.5619230134856e-05
0.0154220804248068 0.0512757396518631 0.871918923815379 0.0613832561079506
0.174672772975577 9.73767852765732e-05 0.825132650233851 9.72000052960655e-05
0.220867832324451 0.000150104966448272 0.778832173180463 0.000149889528637923
0.859420755693114 9.96302888206151e-05 0.140380081989536 9.95320285290378e-05
0.17797296327839 0.122769306400594 0.342381230997397 0.356876499323619
0.519224649629103 0.000300441601348282 0.472105570813887 0.00836933795566173
0.000532521143675878 0.154604913431724 0.766847557097552 0.0780150083270476
0.474227742532674 0.000226078407939717 0.525320210119808 0.000225968939578072
0.336945637706554 0.000150861953660315 0.662731750530781 0.000171749809004825
0.118910589281628 7.26616427170407e-05 0.880943582511547 7.31665641080007e-05
0.143137803238567 0.000509636775243062 0.85584285343207 0.000509706554119999
0.150033419541693 8.74178181278062e-05 0.849791765088023 8.73975521560841e-05
0.109947745822443 0.000224036675318365 0.889301700300132 0.000526517202106973
0.415223863620845 0.000167219832771392 0.58444499487708 0.0001639216693033
0.388978097278921 0.00909591638320571 0.592790169994398 0.00913581634347555
0.00229538194174367 0.000269051687299039 0.996983260360599 0.000452306010358296
0.630185614455238 0.000137629202848464 0.369539009058229 0.000137747283683718
0.787028809687452 0.00021653450756097 0.212538279895 0.000216375909986807
0.000404336459913711 0.000970969784701018 0.995500087917662 0.00312460583772367
0.232233982523341 0.000280006625841809 0.767205910137607 0.000280100713210513
0.467579177084242 0.000128014254062739 0.532165182950799 0.000127625710896552
0.497546009865922 0.000171018482010598 0.502111915367364 0.000171056284703482
0.270537727708589 0.000172738287969963 0.729116864302923 0.000172669700517424
0.00248571666685234 2.47187659145246e-05 0.997464841442219 2.47231250139026e-05
0.00128934185399034 0.617152445113471 0.00526023304966427 0.376297979982874
0.202553133902238 0.000320625122917039 0.796806619093309 0.000319621881535793
0.7098691504388 0.00010048830631616 0.289930265807748 0.000100095447135882
0.652442680677451 0.000962961073910197 0.339498890739449 0.00709546750918975
0.281869815690464 0.000164197538604846 0.717801747979173 0.000164238791758972
0.435142890303697 0.000120045041299669 0.564616999333015 0.000120065321987822
0.32508201647381 0.000161564241696261 0.674594743302812 0.000161675981681962
0.351725271286762 0.000129147718913774 0.648016712706787 0.000128868287536934
0.268887862982653 0.000132385391347006 0.730847584714359 0.000132166911640801
0.262008906223775 0.000170228714287724 0.737651424479223 0.00016944058271445
0.376714885527989 0.000211347071706501 0.62113418922281 0.00193957817749515
0.182631368418086 0.00533577599063605 0.784434434721037 0.0275984208702413
0.622452481314043 0.000123052760858015 0.377301440621199 0.000123025303900715
0.00829693506548986 2.04095354003049e-05 0.991662151798663 2.05036004463479e-05
0.460228445595102 0.000358531961165562 0.536757570022623 0.0026554524211089
0.131956007507771 0.001210841673857 0.857590288847164 0.00924286197120865
0.400337810902512 0.000129372415208359 0.599403464223131 0.000129352459148687
0.451294684269198 0.000284226384172338 0.546540877226519 0.00188021212011077
0.376267661007493 0.000469514729061656 0.611535407082049 0.0117274171813963
0.0964051571879974 0.00142308908100962 0.902086419836811 8.53338941815766e-05
0.934212410834588 0.000170564954055298 0.0654471848422934 0.000169839369063674
0.130492549145718 9.58544351979683e-05 0.869315828958416 9.57674606687185e-05
0.410394548239468 0.000250837911864919 0.589103807193939 0.00025080665472889
0.119237980578065 0.00012536899616805 0.88051121928229 0.000125431143476936
0.271052509255871 0.000156279113227008 0.728634828630822 0.00015638300008033
0.249988833516846 0.00174323981661146 0.746366509459268 0.00190141720727412
0.605846853008658 0.000185291659293914 0.393782665355975 0.000185189976073315
0.00134957766138657 0.160868575239942 0.0264129843663888 0.811368862732283
0.000975282663458914 3.18490555607115e-05 0.998908856874006 8.40114069740027e-05
0.510572598608298 0.000157455218939294 0.489112615726331 0.000157330446431851
0.5077457250513 0.000184251766171516 0.491560892412644 0.000509130769885193
0.00186562380727404 0.00801182722696466 0.986344489117938 0.00377805984782327
0.474282400176363 0.000159118298846043 0.525399461899101 0.000159019625689706
0.289406295399468 0.000587632754377107 0.708361748181478 0.00164432366467733
0.0774686192509654 0.000114535904611306 0.922302369780617 0.000114475063806622
0.532845425657482 0.00015236052321875 0.466849572343837 0.000152641475462663
0.0277034876459237 0.203452707506164 0.664674313542828 0.104169491305084
0.287034591568723 0.000109010670002235 0.712518227703712 0.000338170057562644
0.0609970786239242 0.000590759203983115 0.93822653200516 0.000185630166932969
0.156875195764777 0.000568295311979285 0.829920277904158 0.0126362310190856
0.216297700348175 0.000132191368016696 0.783437939771723 0.000132168512084989
0.27785249810609 0.000168762198914782 0.721809960155717 0.000168779539278361
0.0401219130130386 3.57051811292722e-05 0.959201496262341 0.000640885543491327
0.508036363502652 0.000134703558138294 0.491694215545454 0.000134717393755718
0.146784933689899 7.44740209296863e-05 0.853065910500924 7.46817882468586e-05
0.084965443880536 0.000123611028194301 0.914787703396839 0.000123241694430753
0.128574010794025 0.000140574843260145 0.871145107438546 0.000140306924169138
0.00126474801196958 0.000108036725140735 0.997423682162086 0.0012035331008032
0.499031488907259 0.000138078754000205 0.500692403834153 0.000138028504587279
0.103815500077363 0.000115486507583667 0.895953532566231 0.000115480848822359
0.000702066058929656 0.197085417967372 0.451777588851557 0.350434927122141
0.00458173552177593 0.478555185833757 0.0618861439447571 0.45497693469971
0.00388272100705627 0.450346295758461 0.2136551041264 0.332115879108082
0.44016846791468 0.000281909052967247 0.556727626303546 0.00282199672880692
0.709702190406069 0.000148154645381611 0.290001067635228 0.000148587313321495
0.602752007364837 0.000132964614394445 0.396981646509347 0.000133381511421198
0.0650597198418396 0.000159484248229195 0.933540773364967 0.00124002254496382
0.716697947909156 0.000139913812538093 0.283022193609834 0.000139944668472501
0.130172525989697 0.000128260832484636 0.869571018932478 0.000128194245339872
0.0138946929699984 0.282224607591124 0.611482308724132 0.0923983907147457
0.0933198644437317 0.000120437795418644 0.906439207248455 0.000120490512394715
0.412841781753257 0.000140462228387903 0.586877320309286 0.000140435709069008
0.433218822806178 0.000132591957762595 0.566517022330055 0.000131562906004131
0.292849513799108 0.000213228161963302 0.705463222163074 0.00147403587585519
0.176619567669489 0.000144460382292678 0.823091498332031 0.000144473616186675
0.642302433074731 0.000149784523996447 0.357398153607182 0.000149628794089902
0.175219918693646 0.000104368410904783 0.824571398918967 0.000104313976482913
0.111213252303668 5.20756070250874e-05 0.888682659156223 5.20129330844066e-05
0.328300942315426 0.000118171880684983 0.671463084348006 0.000117801455882713
0.520096591092031 0.000171676576919655 0.479559852144354 0.000171880186695618
0.371538023733837 0.000122469648661179 0.627957839962399 0.000381666655102518
0.285812793602881 0.000149789355401197 0.713887856982975 0.000149560058743074
0.397254375973835 0.000121251607482471 0.602503208247975 0.000121164170706941
0.000266684938997782 0.493193709637645 0.00634897546803076 0.500190629955326
0.517830130543899 0.000169723408922973 0.481832007450745 0.000168138596432747
0.409460275903071 0.000182356195905656 0.590174995675383 0.000182372225640289
0.36298066983723 0.000130560327579722 0.636758339048573 0.000130430786617497
0.338874345921773 0.000119547271111518 0.660886655698651 0.000119451108464252
0.119976452093405 0.000231668569153742 0.879560400848747 0.000231478488694727
0.0720535941952233 6.56860687627817e-05 0.927814114012085 6.66057239288078e-05
0.297014559062265 0.000142486563550203 0.702699279685294 0.000143674688890889
0.545107264503336 0.000130319372880486 0.454632883033273 0.000129533090510181
0.539863019198647 0.000154082586518573 0.459831325025242 0.00015157318959259
0.00948368066559444 0.000200552368224956 0.988879520973812 0.00143624599236839
0.00364018134942137 4.12350968576449e-05 0.996298418215291 2.0165338429922e-05
0.271426081055904 0.00019316551719531 0.727831442550292 0.000549310876608172
0.185011301338873 0.000130212958357407 0.814728394407762 0.000130091295007827
0.584866704580774 0.000151690326038669 0.414830011099924 0.000151593993262806
0.291477712358046 0.000190859408277972 0.708140530068834 0.000190898164841439
0.0598534254152812 6.52193637356495e-05 0.940016264747588 6.50904733949949e-05
0.457250631047268 0.000424786110047171 0.541899822699212 0.000424760143472781
0.503742712070749 0.000141942404988459 0.495973623607559 0.000141721916703335
0.479331642305082 0.000147492427065107 0.520373381939355 0.000147483328498575
0.21942076672619 0.000122949101497328 0.780333364879539 0.000122919292773982
0.0977443950976607 0.0014876950679354 0.896369316535719 0.00439859329868524
0.0519234365606492 7.48036057632169e-05 0.947926886730206 7.48731033811268e-05
0.104804191008025 5.40438554523647e-05 0.895087659803173 5.41053333497257e-05
0.33455881416278 0.000200308652686295 0.665040739686581 0.000200137497952737
0.331810800972977 0.000283250754874743 0.666505635506597 0.00140031276555122
0.00188523852665653 0.620414154512509 0.030128707301962 0.347571899658873
0.282180389234043 9.87436074426606e-05 0.717622014468465 9.88526900489253e-05
0.15449796003852 0.000138580007731012 0.844999559990068 0.000363899963681578
0.649534500932235 0.000134319730440931 0.350196848485066 0.00013433085225855
0.0441688671173039 0.00142612250387668 0.949455926508169 0.00494908387065052
0.105498246555763 0.000554208299491845 0.89361776575541 0.000329779389335116
0.381337540836714 0.000181182475173074 0.61830028885727 0.000180987830842167
0.135014834260908 0.000203326886466235 0.862173960749637 0.00260787810298917
0.0307669075876454 0.006646253533797 0.956537974660914 0.00604886421764341
0.344691184090344 0.000303163160277857 0.651503534191185 0.00350211855819341
0.0417767886061096 0.0791088277699955 0.847931996625232 0.0311823869986625
0.428717943731387 0.000134991042242718 0.571012099198337 0.000134966028033409
0.137741569525859 8.96006902219763e-05 0.862079174399631 8.96553842885428e-05
0.986984800538271 6.84619712003392e-05 0.0128782705000061 6.84669905226789e-05
0.655620782819943 0.000202958715743727 0.343700733858065 0.000475524606248087
0.186799618275556 0.000186558136339431 0.81282718231598 0.000186641272124905
0.0204684778635789 0.000173803850039844 0.979332364317371 2.53539690105259e-05
0.031140541080722 0.000115373002810268 0.968562906593325 0.000181179323142754
0.250128300047409 0.000140137270254945 0.749591374165709 0.000140188516627787
0.962577442575801 9.93742341046478e-05 0.037224109835447 9.90733546470294e-05
0.00101511028695416 8.9684326505488e-05 0.998102634398858 0.000792570987682189
0.156607547577998 0.000101384432387289 0.843016527729598 0.000274540260017391
0.571735280492881 0.00015949475711267 0.427945692118609 0.000159532631397609
0.000930410035583495 0.00392446395476879 0.991749386049777 0.00339573995987079
0.427397626855851 0.000137049772172616 0.572327818615897 0.000137504756079317
0.565355659354895 0.000153127151062864 0.434338006656593 0.000153206837449166
0.198073537039435 0.000704332330335133 0.798675865557286 0.00254626507294342
0.274958848259261 0.000324934532690366 0.724391754703949 0.000324462504099422
0.262691401130769 0.000125742830024375 0.737057050281259 0.000125805757947196
0.426472459252107 0.000151444507120587 0.573224639396404 0.000151456844368672
0.121436942502058 0.000259805373278423 0.875188873435238 0.00311437868942585
0.0669730702133119 0.00552513080209311 0.922059092588478 0.00544270639611681
0.257997912690596 0.000110317303855126 0.741781421886333 0.000110348119216104
0.0975983733586045 9.93394334357058e-05 0.902203013945572 9.92732623881261e-05
0.826816231287706 9.60263171983657e-05 0.172991659052143 9.6083342952428e-05
0.604783508810894 0.000263429677790786 0.394217687350697 0.000735374160618128
0.345824056224437 0.00016415876616884 0.653847814250837 0.000163970758557088
0.167730261150757 0.000257149340520985 0.823503209499115 0.00850938000960728
0.344790198198827 0.000161256067180505 0.654667936346892 0.000380609387100638
0.180686307139847 0.00173092195095909 0.812489486038913 0.00509328487028119
0.578618049648126 0.000172861982606767 0.420243151505563 0.000965936863704264
0.28844528679981 0.000216473977161652 0.708251509661163 0.00308672956186541
0.0681676859867702 0.000182560457882983 0.93109303288436 0.000556720670986474
0.243071924756492 0.000168577836885941 0.756590932499477 0.000168564907146011
0.331948420474915 0.000215047305055472 0.665448525987791 0.00238800623223793
0.157695926578395 0.000177809279358977 0.841948454756437 0.000177809385808391
0.000236064862200308 0.581224454904963 0.00604414663452704 0.41249533359831
0.70569041446601 0.000125204513596787 0.294059179987225 0.000125201033168416
0.364234189099734 0.000151656460942288 0.635462506111344 0.0001516483279794
0.207675784324291 0.000140968263603067 0.79204220090995 0.000141046502155967
0.495324825180466 0.000113873018863418 0.504447506050865 0.000113795749805309
0.231151994851354 0.000159734759578411 0.768528562954826 0.000159707434241272
0.652569857488501 0.000265387752734222 0.346899366793299 0.000265387965465706
0.825069770883178 0.000159019137226695 0.174612430437359 0.000158779542236295
0.226253619963681 0.000189820178221085 0.773366724119897 0.000189835738200345
0.342032689101462 0.000305222395387075 0.652089820049724 0.00557226845342723
0.318319119232522 0.000234287045385189 0.680836730256524 0.000609863465568536
0.229495183949876 0.000206308867445441 0.770092084102032 0.000206423080646529
0.658436657982816 0.000137937036454285 0.341287362812955 0.000138042167775127
0.162250079427416 0.0281560157663869 0.747756371325249 0.0618375334809478
0.504096587513562 0.000221251287269409 0.495460950467748 0.000221210731420718
0.351243486084721 0.0230715291611669 0.545740738877197 0.0799442458769158
0.088787049692747 4.64047829684783e-05 0.911120348763952 4.61967603322901e-05
0.0363268947958475 6.04904748876602e-05 0.96355297582902 5.96389002444659e-05
0.235758632886817 0.0053992732310243 0.755101057618016 0.0037410362641419
0.133778652461276 7.36019988301123e-05 0.866073978469569 7.37670703255155e-05
0.372053598422296 0.000203786320364627 0.627538829438075 0.00020378581926435
0.531369530582366 0.000135931074165382 0.468357923426751 0.000136614916717968
0.432684104690151 0.000167240634252343 0.566982645126938 0.000166009548659013
0.023096083568542 0.000416510352174557 0.973894999377882 0.00259240670140156
0.343019472495624 0.0120740228381531 0.609898538356394 0.0350079663098289
0.132736529368576 0.000127022747373712 0.866241456617148 0.000894991266903059
0.423107370153682 0.000126258912000422 0.576640435028243 0.000125935906074976
0.153798217440645 0.00251625136298235 0.842716268189899 0.000969263006473053
0.820580629265974 0.000125882152975806 0.179167594204119 0.000125894376931576
0.441935016096252 0.000170712962672919 0.55772398383733 0.000170287103744431
0.532575439512947 0.00015163382517343 0.467121424542463 0.000151502119417138
0.358551438202452 0.000178569337496676 0.625975064770236 0.0152949276898146
0.375422776474761 0.000127144763625837 0.624325836706183 0.000124242055429656
0.64870280904169 9.91230546713573e-05 0.351098888939455 9.91789641831976e-05
0.0929797980615464 8.82866000644552e-05 0.906843811073316 8.81042650729052e-05
0.181544184376398 0.000284469501726124 0.817813539418767 0.000357806703108729
0.796306647662893 0.000123263503042961 0.203446926650767 0.000123162183296237
0.409462001884219 0.000125043080235347 0.590287938129895 0.000125016905650878
0.0880087732276131 0.000114842526766087 0.911761478017919 0.000114906227701594
0.204599004412232 0.000117859822774707 0.794755038518035 0.000528097246957985
0.287123740372098 0.000945278302471687 0.706845606256312 0.00508537506911855
0.645485486053251 0.000392003946111932 0.346816887033452 0.00730562296718545
0.191021010983406 0.00265532988043724 0.793963185841247 0.0123604732949105
0.111606669617916 0.000239306533715634 0.887914744047125 0.00023927980124318
0.350223086920062 0.000536191824826917 0.648705032492357 0.000535688762754071
0.476742045474287 0.000156614942763003 0.522944866739167 0.000156472843783175
0.902137316150767 0.000270166430255322 0.0888266214958736 0.0087658959231036
0.755974371625369 0.000430958381069119 0.240849604562193 0.00274506543136838
0.0127065639820276 0.000126503336190802 0.98587247350656 0.00129445917522118
0.177731400161592 7.86839239821764e-05 0.822111406231137 7.85096832893329e-05
0.212348559848444 0.00357132203344203 0.780522224474411 0.00355789364370255
0.152600837631871 0.000127801879587235 0.847143602500968 0.0001277579875743
0.00631163770651099 0.645625721050207 0.0121563014447961 0.335906339798486
0.507151958426199 0.000165776684560738 0.492516716024655 0.000165548864584952
0.864180396337503 0.000127008505445429 0.135564996167199 0.000127598989852625
0.0401771629673907 0.000183132179385448 0.959359144182539 0.000280560670685266
0.901284510816941 0.000108369863207156 0.0984987600753534 0.000108359244498834
0.240890122594639 0.000265406021189482 0.758237981580921 0.000606489803250895
0.448855282568052 0.000160316404593537 0.550542106114857 0.00044229491249752
0.506205375367083 0.000208627725353931 0.493377353373282 0.000208643534280861
0.226502771404031 0.000417124911440278 0.772464655890009 0.000615447794520193
0.856223752231532 0.000124878123668329 0.143526435091563 0.000124934553236883
0.405303362621504 0.000239209733013826 0.594217990803847 0.00023943684163466
0.0829123960733198 0.135325314891058 0.373803254125601 0.407959034910021
0.416829497047149 0.000101603768127644 0.582967206689437 0.000101692495285531
0.60796959114159 0.0001074589965799 0.39181567837568 0.000107271486149962
0.291979230750723 0.000244553761807845 0.698346135062019 0.0094300804254503
0.353375417748222 0.000154094920811551 0.645653382476873 0.000817104854093369
0.873546884198265 8.41908292446324e-05 0.126284540919184 8.43840533066333e-05
0.00136977208832671 4.15976660239099e-05 0.998547031636392 4.15986092569173e-05
0.423172964080649 0.00016522795767523 0.576496466744999 0.000165341216675967
0.0176205499912452 0.005285774978914 0.967755918678992 0.00933775635084921
0.15964700605892 0.000183124497509898 0.835874422334145 0.00429544710942436
0.761218780680113 0.000145799012768932 0.23848955558157 0.000145864725548418
0.945760807572737 8.21624666103816e-05 0.0540749112882465 8.21186724064281e-05
0.210098867643673 0.000102225175593512 0.789696326689143 0.000102580491590771
0.00215604158013833 3.82926653374582e-05 0.997767332214885 3.83335396388038e-05
0.636847731410966 0.000202869587783203 0.362746305799484 0.000203093201766733
0.558824853009277 0.000167434574048473 0.440840441624069 0.000167270792605833
0.0574436942500663 0.000136037846162249 0.942283076159378 0.000137191744393411
0.00949854753467198 0.000104651691951748 0.990255348973231 0.000141451800145356
0.498845057067692 0.000977300991964612 0.498494546824234 0.00168309511610939
0.521046844892083 0.000197299603595602 0.478558569432985 0.00019728607133661
0.00109366483179808 0.00609866254613111 0.989197063289329 0.00361060933274203
0.381121255402767 0.000190498050663849 0.618497591454344 0.000190655092225734
0.50690976625573 0.00017387467276776 0.492079944767298 0.000836414304204123
0.645181413359883 0.000170551020461505 0.354477587024935 0.000170448594720888
0.00500870284539731 0.516194490657407 0.00604416502911881 0.472752641468077
0.629454761919841 0.000146270264253089 0.370252927689703 0.000146040126203173
0.510147147858941 0.000295165696444893 0.488551951465953 0.00100573497866087
0.711640967603525 0.000192070828450989 0.287975031111295 0.000191930456728958
0.809535671253623 0.000108958910193827 0.190246553869853 0.000108815966330053
0.35811398807647 0.000111026920678573 0.64166374160282 0.000111243400032184
0.0864390437590114 0.00328295140682013 0.906986539171367 0.00329146566280135
0.113101454529679 0.000189448363408214 0.886520294584582 0.000188802522330006
0.302960868844812 0.000690275381605562 0.690400894404965 0.00594796136861804
0.402106795123645 0.000160463362570785 0.597572307777201 0.000160433736583038
0.612717102172996 0.000138593062238447 0.386766372358494 0.000377932406271688
0.350419997498044 9.82828156459619e-05 0.649383265287967 9.84543983435233e-05
0.707011694381422 0.000137978207521066 0.292712396977236 0.000137930433821197
0.218252637830353 9.06660167858238e-05 0.781565914083863 9.07820689985777e-05
0.266051754011279 0.00011820411723256 0.733711891571169 0.000118150300318687
0.55559733701144 0.00010353740327367 0.444195393359205 0.00010373222608069
0.422753134338801 0.00135085753682364 0.469385934989423 0.106510073134953
0.419709190790709 0.000202086677105478 0.57988708235733 0.000201640174855669
0.00457576788154876 0.476717522773255 0.177307135054112 0.341399574291085
0.960502513034365 0.000126373401829443 0.0385217242414273 0.000849389322378714
0.181980014873038 0.000131683674493494 0.817464695618392 0.000423605834077272
0.501927474119848 0.000215112745498203 0.497643004468387 0.00021440866626718
0.804435068711861 8.07090826082825e-05 0.195402910260688 8.13119448427498e-05
0.28239944766868 0.000110054597442362 0.717380335352805 0.000110162381072318
0.451371644567177 0.000276471519534013 0.546933391842741 0.00141849207054836
0.24529651469747 0.000122921565843351 0.754457881767847 0.000122681968838995
0.758018565627418 0.000130908784229643 0.241719623080548 0.0001309025078047
0.404436162528699 0.000144999795774519 0.595273639094567 0.000145198580959934
0.853959318604987 0.000122535194753508 0.145795598395742 0.000122547804517644
0.635070734667188 0.000119359389652161 0.364690834249154 0.000119071694006196
0.391130891028874 0.000211854426910064 0.605355195674126 0.00330205887008971
0.165995226531558 0.000128708627697155 0.832160819830171 0.00171524501057402
0.106127801949179 0.000158352567684213 0.893451490361194 0.000262355121942218
0.224510816002532 0.000214757286980243 0.775059697838728 0.000214728871759357
0.327204325742269 0.000117344902057684 0.672560783158189 0.000117546197484561
0.309382747810494 9.10450470215866e-05 0.690434886319823 9.13208226616464e-05
0.702489641621733 0.000135026315686475 0.297240217282931 0.000135114779649998
0.406606777401694 7.80538509285776e-05 0.593236527977789 7.86407695885159e-05
0.629328480060227 0.00012159318704101 0.370428412932115 0.000121513820617114
0.00150016077530713 0.00250186645703578 0.99025794643409 0.00574002633356702
0.0623948909075147 0.00122480593423998 0.73228716481086 0.204093138347385
0.429198354347113 0.000226840201513567 0.570347696613874 0.000227108837499853
0.0051311303160245 0.654698487349839 0.0169715812330791 0.323198801101057
0.637067124952545 0.000121213786578984 0.362690237792069 0.00012142346880609
0.322357578569909 0.149098473687359 0.415640428656095 0.112903519086637
0.433182960715978 0.00018822634983104 0.566440688464205 0.000188124469986165
0.544768958355748 0.00012982257036454 0.454666475891494 0.000434743182392945
0.581530352047922 0.000130113710368322 0.41820891751796 0.000130616723749306
0.0634070773921172 8.25404646388944e-05 0.935608768531392 0.0009016136118521
0.391508816893579 0.000176963980840413 0.607977825766194 0.000336393359386414
0.00521814438473186 0.232048196925414 0.0364754374017517 0.726258221288103
0.0446133116122155 0.00187403610438293 0.950389367810692 0.00312328447270968
0.50481872008951 0.000267211758931336 0.494648259400968 0.000265808750590297
0.637540866562598 0.00021722773795469 0.361827866425812 0.000414039273635388
0.548406235307043 0.000163767260667751 0.451266447494495 0.000163549937794036
0.269463820632338 0.00189230830049153 0.725176701275351 0.00346716979181924
0.17264503083157 0.00666453121753897 0.816447155664649 0.00424328228624197
0.304826357107194 0.000148905420094887 0.694875840303908 0.000148897168803114
0.11292073356522 0.000123809904258924 0.886831561706524 0.000123894823997496
0.0920416726563379 8.45789655766752e-05 0.907496249988388 0.000377498389697954
0.400347010383676 9.89314020341691e-05 0.599454803476296 9.92547379934986e-05
0.145013144418205 0.000967113291939822 0.851589526761882 0.00243021552797301
0.388855458358962 0.00018457226780245 0.61077537394752 0.000184595425715536
0.0507808424499162 0.00108345311225792 0.947175843958334 0.000959860479491699
0.424750427179033 0.000217015727478125 0.574815417324173 0.00021713976931571
0.904101421179319 0.000116904358028976 0.0956648733861548 0.000116801076497304
0.928894593039408 0.000128636691449792 0.0708480602636694 0.000128710005473211
0.966511583588203 0.000109763183936443 0.0332688677318036 0.00010978549605662
0.158507818614153 0.000107157413045762 0.841277978440481 0.00010704553232041
0.632693239662951 0.000141230977551114 0.367024239400839 0.000141289958659322
0.171776734297537 0.000121012810230785 0.827981193540456 0.00012105935177624
0.316533354424485 0.000273530718722406 0.681666554243911 0.00152656061288246
0.851926604104094 0.000104217202133148 0.147865091210668 0.000104087483104638
0.652531489564056 0.000151159022860311 0.347166316018764 0.000151035394320302
0.105131054871428 8.07755167910178e-05 0.89470744980406 8.07198077215414e-05
0.501743545179749 0.0174931256102663 0.454435590224641 0.0263277389853434
0.430566851742858 0.000297723280627516 0.566421036782875 0.0027143881936395
0.0115481235127467 0.517291993988785 0.0206634661052232 0.450496416393245
0.296825410235993 0.000137740962907986 0.702898676476718 0.000138172324380774
0.248156285529667 0.000114282312253879 0.75161535941425 0.000114072743828301
0.215773761366523 0.000120886117737075 0.783984434794168 0.000120917721571538
0.10658017856601 0.000112897305097474 0.89318945879309 0.00011746533580284
0.0592935368610971 0.000132401277848124 0.940441739831946 0.000132322029108314
0.474582067416287 0.000223182198010097 0.524971368738743 0.000223381646960166
0.144051009753126 0.000602975891699136 0.850097023894241 0.00524899046093432
0.461457826961765 0.000149190790901321 0.538243718205571 0.000149264041762704
0.239983257053703 0.000513410107321286 0.75883244132974 0.000670891509235956
0.332225181602596 0.000170624567773968 0.667433634429365 0.000170559400264996
0.329743028057449 0.000301052098737744 0.669656403968354 0.000299515875459532
0.0458855684354122 0.000202995910826237 0.950835043905933 0.00307639174782857
0.756031017690408 0.000173880848404808 0.243620668039608 0.00017443342157962
0.344843109003404 0.00125944085188708 0.649455798852695 0.0044416512920141
0.79770278553998 0.000112862041599034 0.202071367642892 0.000112984775529554
0.345126546593887 9.69413994009916e-05 0.654679808278133 9.67037285790629e-05
0.766800653651128 0.000114497827064611 0.232605554110432 0.000479294411374788
0.214951452154271 0.0002272026060903 0.784594096176864 0.000227249062774344
0.00344106981347628 3.31737615434343e-05 0.996492586871665 3.31695533157038e-05
0.247738848728129 0.00622766605568016 0.719503921690536 0.0265295635256553
0.0180835298760559 0.00434087620782634 0.970343440322736 0.00723215359338149
0.691423669979776 0.000130893045103351 0.308313576260058 0.000131860715062474
0.720976249391144 0.000173705637700553 0.278584447699193 0.000265597271962431
0.161566794207716 0.0030094467406121 0.830598430476546 0.00482532857512634
0.0765409343946109 0.000166451170442409 0.922605976607712 0.000686637827234812
0.0993580473533357 0.000248365976571369 0.900145738620601 0.000247848049491985
0.623434534761933 0.000144567881082251 0.376276715343464 0.000144182013521302
0.540159744456324 0.000145023728814268 0.459550021990786 0.000145209824075895
0.653117613342307 0.000132519709441435 0.346617182389694 0.000132684558557859
0.426732565704092 0.000144845892261689 0.572977587081829 0.000145001321818184
0.39647144906895 0.000463865381007265 0.598293003233308 0.00477168231673537
0.408655054528532 0.000158106360029988 0.591029021136952 0.000157817974486101
0.252480676515441 0.000157463379318214 0.747204122677128 0.000157737428112101
0.366265159734252 0.000226543335728186 0.633281787514992 0.000226509415027577
0.0107533956421771 0.000247752754996958 0.986927537203261 0.00207131439956455
0.436776458563146 0.000217435190563742 0.560732910765661 0.00227319548062846
0.00156695329107569 4.3471206945486e-05 0.998256911394081 0.000132664107897946
0.717081500048005 0.000208042710605942 0.282502474106112 0.000207983135277503
0.50335315762776 0.00244949343742039 0.486576561161025 0.00762078777379416
0.244997811545973 0.000125240563290475 0.753793487381068 0.00108346050966845
0.675464673536396 0.000131378459646323 0.324272354760525 0.000131593243432508
0.320145953109302 0.000157406969157826 0.679539694783995 0.000156945137545415
0.127438823124399 0.00012386722975136 0.872312918263256 0.000124391382593464
0.348410806460771 0.000106634828968403 0.651375900736163 0.000106657974097737
0.0195758668918277 9.67162482405004e-05 0.980196486714364 0.000130930145568059
0.00229610568051766 8.7613206965215e-05 0.996790705865345 0.000825575247172193
0.315322964571086 0.000132605354451515 0.684412071092356 0.000132358982106828
0.101646499144722 0.000151474303014672 0.897124024663636 0.00107800188862701
0.17949016036914 0.000101060201135956 0.820307639516348 0.000101139913375889
0.0490759417928447 7.98808555568259e-05 0.950764347171908 7.98301796908213e-05
0.583813195842762 0.000147868430462878 0.415890973106074 0.000147962620700667
0.282411530726185 0.000117669819251034 0.717353002648764 0.00011779680579987
0.507653745201349 0.00012479692668655 0.492096493694637 0.000124964177326978
