0.000624022987676346 0.619703802818181 0.00700656324896486 0.372665610945178
0.00471712556188963 0.618240738953082 0.017540761388099 0.35950137409693
0.00187999201451624 0.761755401587139 0.00912731809477605 0.227237288303568
0.000462215197925864 0.550285039013279 0.167461607256323 0.281791138532471
0.00202950872279923 0.502902022974455 0.0118810432458817 0.483187425056864
0.000298647573654696 0.56824111555766 0.046643606743671 0.384816630125015
0.000214378684157383 0.544431436169791 0.00442638878543716 0.450927796360615
0.00219568769883154 0.572036152603863 0.00426187290262745 0.421506286794678
0.00310592601846625 0.736486716797285 0.0164369642738079 0.243970392910441
0.000410290334818932 0.351492011823968 0.00126673386198048 0.646830963979232
0.00505086438440466 0.71038264038746 0.00538994112994649 0.279176554098189
0.0531574139220551 0.590557529867957 0.110901298098296 0.245383758111692
0.00162888608004716 0.729413788695814 0.00387706283313951 0.265080262390999
0.00347129011323182 0.560009484308419 0.00590583899958093 0.430613386578768
0.000152995496997911 0.118266842205824 0.000380926422447997 0.88119923587473
0.00737165753684389 0.521554362179173 0.0204922145374266 0.450581765746556
0.000277106218560069 0.562831922405274 0.00199585692767721 0.434895114448489
0.000413615069823091 0.553188900563134 0.0111956591076432 0.4352018252594
0.000474712780506359 0.445139978723279 0.0630139977225861 0.491371310773628
0.000225295095994069 0.478340798959822 0.0034167737838237 0.518017132160361
0.00025767890163243 0.500307004720044 0.0106826174089031 0.488752698969421
0.00667838835761126 0.287673864056851 0.251758084940951 0.453889662644587
0.000187926813283611 0.28938695959085 0.00369103262700821 0.706734080968858
0.0105467479138619 0.706857956803514 0.0247981664989261 0.257797128783698
0.00131906647427874 0.652708878443049 0.00581570623611042 0.340156348846562
0.00110491043688964 0.548270939964898 0.0048679472667025 0.44575620233151
0.00260616426378533 0.714957376099341 0.00442831209784685 0.278008147539027
0.00231180140246691 0.578373162316043 0.0274275259369323 0.391887510344558
0.00172330809271176 0.561479688593914 0.00827520659688008 0.428521796716494
0.000608348591615565 0.661139572629902 0.0047334972631488 0.333518581515334
0.00594078987962688 0.349059916329273 0.0803335919732117 0.564665701817888
0.000606878859921339 0.305312039393433 0.0316219187913191 0.662459162955326
0.00223315041079914 0.711469082836223 0.00894503984620439 0.277352726906774
0.000531871247992483 0.464340668081045 0.202114124311628 0.333013336359334
0.000256770699084464 0.381090115680696 0.0127429619423174 0.605910151677902
0.00145132429888228 0.605180179096978 0.0188009227171886 0.374567573886952
0.00481613031228655 0.591521771869166 0.0165030948123584 0.387159003006189
0.000296740025332191 0.837727068696929 0.0064103148398473 0.155565876437892
0.000271136649046654 0.498163408436674 0.00334363200624641 0.498221822908033
0.00469574013277017 0.528928835274333 0.0233026692375948 0.443072755355302
0.000244606855748328 0.583432907710239 0.00697997045189122 0.409342514982121
0.00271499436136339 0.572590948984611 0.00531369576922397 0.419380360884802
0.0662742042545848 0.199351805351622 0.36978707739114 0.364586913002653
0.000826579954115467 0.740977157727723 0.00922728244314671 0.248968979875015
0.000242240168990414 0.594302156790626 0.000264373496799415 0.405191229543584
0.000278264000833184 0.447264157445 0.0127541536286539 0.539703424925513
0.000185601521711079 0.597678658998715 0.00114586960334241 0.400989869876232
0.00666098040754285 0.639590316382755 0.0217510906266111 0.331997612583091
0.0211887149279687 0.73293459299707 0.0415932436767497 0.204283448398211
0.00302418647037433 0.802496125452385 0.00951482844565321 0.184964859631587
0.00022801533218132 0.583972937137682 0.00274210695893548 0.413056940571201
0.00137023859207728 0.616894109411619 0.00810994775698178 0.373625704239322
0.000229522852533244 0.407251527410002 0.00463952250509234 0.587879427232372
0.000221658837486131 0.26169281785695 0.000344275908075424 0.737741247397488
0.000266591180224444 0.73047519588525 0.0313687897835263 0.237889423150999
0.00198949848385508 0.532404679745604 0.002529329721239 0.463076492049302
0.000244644166302846 0.578279644657926 0.0014046596428202 0.42007105153295
0.000209971382912277 0.545136443995479 0.00182417325112586 0.452829411370483
0.000168289140887566 0.418044989745442 0.00149227148529056 0.58029444962838
0.000242170422070332 0.481671807911095 0.00207265703123116 0.516013364635604
0.000351742997805561 0.651178351627064 0.00638741803892438 0.342082487336206
0.0014541242515558 0.607909986517109 0.00812765255828387 0.382508236673051
0.148244429414926 0.196079184807707 0.478787667051511 0.176888718725856
0.00351619723480117 0.677318790536603 0.0150586795094627 0.304106332719133
0.00178110088006014 0.524828894748489 0.0053988964429702 0.467991107928481
0.00432262729725908 0.691765295578569 0.0268399594656611 0.277072117658511
0.000201365696128806 0.61805206315901 0.00165596718487976 0.380090603959982
0.000186136159464749 0.523328365010847 0.000829523367060551 0.475655975462628
0.00125876776327795 0.577069194523118 0.00444852634016937 0.417223511373435
0.00026440910942927 0.371696450142697 0.00959735645526187 0.618441784292612
0.00591852997216376 0.662092033708777 0.0200738877759445 0.311915548543114
0.00615632646742793 0.485544225252073 0.0166402324671397 0.491659215813359
0.00123023581623115 0.391817147360194 0.032246426354912 0.574706190468663
0.000985340450700722 0.84225833029664 0.0139289620808092 0.14282736717185
0.000190678788753889 0.311837561967925 0.00401483607324033 0.683956923170081
0.0213628753045102 0.351911600349562 0.220318373435565 0.406407150910363
0.000887903810291363 0.46865681552778 0.0083397528101894 0.522115527851739
0.000608427572645874 0.362307708385023 0.00205310445018712 0.635030759592144
0.00223301669324566 0.577120072681285 0.0158914403532942 0.404755470272175
0.000229688979385639 0.380899873572076 0.00774687725118204 0.611123560197357
0.00271460356402088 0.739931465324566 0.00997523885863529 0.247378692252778
0.000325855446019876 0.47580808505236 0.0215072506886659 0.502358808812954
0.0071405690293054 0.503113361615197 0.030236885028586 0.459509184326912
0.000254785404788669 0.475713731198363 0.00334731154535771 0.52068417185149
0.00560136767444388 0.368854041554506 0.0084751928945004 0.61706939787655
0.000197292089458715 0.516015510425929 0.00259274161521632 0.481194455869396
0.000216165226927075 0.25529251020402 0.00287845723223427 0.741612867336819
0.00210573426093637 0.35592722866466 0.0134871284921119 0.628479908582292
0.00446136938632857 0.505458274915505 0.0018320439707349 0.488248311727431
0.000277771954399981 0.494986860858899 0.00384942992450743 0.500885937262193
0.00119144882161268 0.630022698386764 0.00781286424195948 0.360972988549664
0.000259027231280977 0.599534133863314 0.0190062695015872 0.381200569403818
0.000258180585214035 0.296300557072185 0.000798462340238414 0.702642800002363
0.000261775120650684 0.534850982433644 0.00732290207230976 0.457564340373396
0.000281785054572046 0.695482945382338 0.00441163075140168 0.299823638811688
0.00277496638147402 0.741291037105218 0.0147331997567971 0.241200796756511
0.00357771455049593 0.824641355359354 0.00298906117665894 0.168791868913491
0.000325637709876113 0.349797596179505 0.00384644094184809 0.64603032516877
0.00310379787143201 0.668156321724924 0.00423664734536632 0.324503233058278
0.00218997439585522 0.569427418622843 0.0146496017247556 0.413733005256547
0.00103848910024481 0.131191615877698 0.00274698215459222 0.865022912867464
0.000205567556661515 0.64207656645467 0.00268178836624868 0.35503607762242
0.00248791619399302 0.552381342311882 0.0191862264010534 0.425944515093072
0.000704921923266229 0.640269372698088 0.0434534034369626 0.315572301941683
0.00022871674513941 0.652768623454378 0.0026577877051744 0.344344872095308
0.000474351906291958 0.652502454694097 0.00497259274601676 0.342050600653594
0.00031702179352384 0.576753340615789 0.0204721773561239 0.402457460234563
0.000161727921084406 0.431983195243974 0.0044635620999911 0.56339151473495
0.000255655379330414 0.357344987678856 0.00512139665017779 0.637277960291635
0.00313577199393991 0.641533395069998 0.00318749063077297 0.352143342305289
0.000403452977216345 0.445819937427166 0.0382861267500126 0.515490482845606
0.000320136296282259 0.484688362858925 0.00420523824423665 0.510786262600556
0.000853263600402558 0.687733438867649 0.0115017498838337 0.299911547648115
0.00320893606570835 0.475546177841353 0.00856345376899668 0.512681432323942
0.00844727931745605 0.705039227643229 0.00374807820715695 0.282765414832158
0.00182809967152158 0.409614797697084 0.0564039413826175 0.532153161248777
0.00019531533930641 0.526865145739746 0.00312137501598518 0.469818163904963
0.000184667433565558 0.439645109410754 0.000337241518991412 0.559832981636689
0.000581150716729298 0.521517425912707 0.00315619626122421 0.474745227109339
0.0010115381062275 0.392166643372643 0.00300137543825953 0.60382044308287
0.00834174284192647 0.491077432728268 0.011464322888819 0.489116501540986
0.00280345476972816 0.571804815712716 0.00672539392375074 0.418666335593805
0.000194063408082652 0.568398284679815 0.00149004966345048 0.429917602248652
0.000214499039442244 0.70271520855312 0.00427970857393256 0.292790583833505
0.000235183931387894 0.366406704058067 0.00435761405311853 0.629000497957427
0.000292295576039577 0.565643417645617 0.0146269011402036 0.419437385638139
0.00029491193157928 0.466620141913624 0.00589909266417527 0.527185853490621
0.000895742567682231 0.63878233442345 0.00295020403066136 0.357371718978206
0.000248515566303656 0.177168972031124 0.00745011284738322 0.815132399555189
0.000250689096499683 0.402355212190593 0.00553886656152502 0.591855232151383
0.000203041244125526 0.540215245838617 0.0042790838370922 0.455302629080165
0.00382664677645297 0.618743816919735 0.00672684653519608 0.370702689768616
0.000639634581522063 0.240409427141395 0.000776373025922885 0.75817456525116
0.000236863895092287 0.623803401515241 0.00268118954827614 0.373278545041391
0.0036105152111472 0.374632474438236 0.0166131673155799 0.605143843035037
0.000437862556267712 0.546273191535905 0.0176960013006992 0.435592944607128
0.000614942654707498 0.563661888222849 0.130020816256779 0.305702352865664
0.00101373179938973 0.496040575571496 0.00925620020993384 0.49368949241918
0.000226724190784104 0.549002365903389 0.00337681729770769 0.447394092608119
0.000235031183312926 0.591936049816914 0.00626635260344957 0.401562566396324
0.00024140673138799 0.721406971330988 0.000716439756407482 0.277635182181217
0.00245855948267151 0.301428864754018 0.00526256920315762 0.690850006560153
0.000385551519708273 0.53051724547467 0.00271243812016569 0.466384764885456
0.00342140500688333 0.634179389771062 0.0213436764560053 0.341055528766049
0.000249447913730958 0.549979117810995 0.00739914488812783 0.442372289387146
0.000210731628869322 0.43346310214203 0.000897607031476626 0.565428559197624
0.000234558154057034 0.271817066687213 0.000677184666161003 0.727271190492569
0.0105794850359242 0.622003501667417 0.00792677706331947 0.359490236233339
0.00149642217385933 0.681036541648238 0.0083872936955425 0.30907974248236
0.000677560856343792 0.635663143151161 0.00534969128378369 0.358309604708711
0.00200180510082464 0.628319419464148 0.00410537854311686 0.36557339689191
0.000212510358182823 0.591367119433685 0.00269879006219334 0.405721580145939
0.000231379948424755 0.528658611700496 0.00220276393515486 0.468907244415924
0.0038553103314473 0.461457619936446 0.00313817070731157 0.531548899024795
0.000261981579727962 0.474662611556996 0.0114661641313829 0.513609242731893
0.00780618685633849 0.532007160329953 0.0174543905166695 0.442732262297039
0.000239654737290194 0.654923122204148 0.00872277237280245 0.336114450685759
0.000295076895472292 0.566680578877767 0.00303227137119187 0.429992072855568
0.000353789432399207 0.508943346269281 0.0122213672929976 0.478481497005322
0.00287453292399159 0.548001246795383 0.00953881852833246 0.439585401752293
0.000494875262420216 0.417374760466136 0.225303975289051 0.356826388982392
0.011209904617319 0.650309101745598 0.0201648720225941 0.318316121614489
0.000942110098943304 0.516306801917422 0.0153662390167465 0.467384848966888
0.00024201635986484 0.604299260643658 0.00494620741583716 0.39051251558064
0.0113274597560081 0.402279025897892 0.0690597772112476 0.517333737134852
0.0248926327528041 0.627834466358079 0.0325727660527634 0.314700134836354
0.000190814506887371 0.608141520122815 0.00127959209154686 0.390388073278751
0.000222537104775408 0.529579780961769 0.00321400206551408 0.466983679867942
0.00436886108584689 0.664622528899352 0.0148505236477577 0.316158086367043
0.00483469349088277 0.616575112808552 0.0032514088171386 0.375338784883427
0.00504949287829927 0.676716399684862 0.0205777111158059 0.297656396321033
0.00197221133021633 0.564309282425098 0.00862018975088578 0.4250983164938
0.000192514482181449 0.685045956268617 0.000596607574722877 0.314164921674479
0.000209552357023307 0.604396530403906 0.00283148024614718 0.392562436992923
0.000308500734515249 0.444622009545856 0.0123255636249088 0.54274392609472
0.0045539607557368 0.581269821209354 0.101280924602732 0.312895293432177
0.00137648211678204 0.635266277058368 0.0183654625477558 0.344991778277094
0.00161796440770411 0.5120497666141 0.0191710231912812 0.467161245786914
0.000155559261625803 0.0853738599760744 0.00246981558841703 0.912000765173883
0.00165975577451813 0.735749664314181 0.00137202951702209 0.261218550394279
0.00154126952211843 0.501879828213687 0.00163723233549826 0.494941669928697
0.000207743946902246 0.554716640941861 0.00467463927315571 0.440400975838081
0.00179512142033111 0.466152668328116 0.0069156782560526 0.5251365319955
0.000212505950649767 0.538517212145914 0.00272437102918898 0.458545910874247
0.00531632530279726 0.303925262990932 0.0117745063640171 0.678983905342254
0.00125944823955221 0.666124917890289 0.00865189828821332 0.323963735581946
0.000213077316532432 0.510880204870771 0.00497097453901003 0.483935743273686
0.000538899081541445 0.359826806501458 0.0232727817035348 0.616361512713466
0.000279006494188318 0.764903362191314 0.0036549929056538 0.231162638408843
0.0447985065859519 0.596059805646118 0.0886968887016749 0.270444799066255
0.000181805862800066 0.340780562573145 0.00109498953707485 0.65794264202698
0.00691984726191945 0.55566424776953 0.00902971115693298 0.428386193811617
0.000209049534255405 0.409035910909703 0.00222779363958016 0.588527245916462
0.00365313242536824 0.557752033759201 0.011856718003293 0.426738115812137
0.0241515444116901 0.505193623897497 0.0609981840206058 0.409656647670208
0.000258234955014842 0.635063445566372 0.0036284982063654 0.361049821272248
0.0179171195711671 0.714254554438202 0.00949832678350982 0.258329999207121
0.000480725531493874 0.547011483262365 0.00171349987897809 0.450794291327163
0.00698157136159828 0.450535796466109 0.0106165673562941 0.531866064815998
0.00277346846432792 0.517654877677985 0.00859188298792962 0.470979770869758
0.00081780146296173 0.682233151667609 0.00256361692566261 0.314385429943767
0.002490180948963 0.732004163392804 0.00416786044444304 0.26133779521379
0.00366947544144325 0.220565249532389 0.0143463625959485 0.76141891243022
0.0012669804871029 0.629227559308499 0.00538899131196871 0.36411646889243
0.00603758110557328 0.300069035866018 0.00629832323484125 0.687595059793567
0.00154572686583479 0.377486621602513 0.000934449839158661 0.620033201692494
0.000880999284455165 0.800952883945885 0.00357092342658806 0.194595193343072
0.00375693848436249 0.758008810178816 0.015064549665364 0.223169701671458
0.00897043392488689 0.411743115021423 0.00805048616688194 0.571235964886808
0.0112480439457419 0.573215491315988 0.0215367073518149 0.393999757386456
0.00304990086401904 0.540979733465734 0.0131351342762781 0.442835231393969
0.000445136327159183 0.463127492693475 0.00415785830831418 0.532269512671052
0.0025902813538812 0.528367865626432 0.00735527523714802 0.461686577782538
0.123691180977645 0.698372688019832 0.0154380026880762 0.162498128314447
0.000250340881144414 0.364823411603898 0.00281098761095864 0.632115259903999
0.000211716215424124 0.421111939874219 0.00389090627488116 0.574785437635476
0.000165636654032061 0.623333997178011 0.00514196729498585 0.371358398872972
0.00156212116313433 0.700066774544394 0.00338644841450821 0.294984655877964
0.000430432137617666 0.533314241282715 0.139871599809455 0.326383726770212
0.000196922619037032 0.698257939363517 0.00112172586943466 0.300423412148011
0.00325710896692788 0.497635512559718 0.013271221065791 0.485836157407563
0.00191330969392754 0.448122190870124 0.0110517211764194 0.538912778259529
0.000247150153981165 0.573068500418022 0.00775541223818294 0.418928937189813
0.00831387400775379 0.706812654974919 0.00551645912232439 0.279357011895003
0.000227613648053921 0.324109106020915 0.00161241592378296 0.674050864407248
0.00418241419687254 0.723183869686476 0.00390253127945496 0.268731184837197
0.000282144697801989 0.262465572228025 0.00266293192393785 0.734589351150235
0.00185638657828541 0.460277829436703 0.00879572888674572 0.529070055098266
0.000371041040001764 0.642424695340076 0.0133944475067722 0.34380981611315
0.000955271468543059 0.176717448187167 0.00121807901716371 0.821109201327126
0.000245378440869432 0.573418634241019 0.0107757322966862 0.415560255021426
0.0052804434660348 0.633908028592912 0.0120182907948801 0.348793237146173
0.000839853788913076 0.474747045641434 0.00653560923906882 0.517877491330584
0.00313423692475824 0.528457043463058 0.00296665627887534 0.465442063333308
0.00433048542719543 0.475141001313349 0.00416052125475751 0.516367992004698
0.000371571905808047 0.284384772690594 0.135489711918973 0.579753943484625
0.0310743567185546 0.433334444427176 0.0825240134426629 0.453067185411607
0.000217014027188326 0.621028430448181 0.00358699118016029 0.37516756434447
0.00165898460956492 0.472459399944783 0.00126511995461359 0.524616495491039
0.00252970158828415 0.499455028639856 0.00544832979887342 0.492566939972986
0.000325913780224388 0.215983537647622 0.0007864602951467 0.782904088277007
0.000915131631370668 0.396068215413435 0.00844021765712554 0.594576435298069
0.0101765262012157 0.549607715727261 0.0178267500356922 0.422389008035832
0.000654195293457701 0.472121909520957 0.00342392325947817 0.523799971926107
0.00477418185047746 0.147626939024842 0.0334892870295877 0.814109592095093
0.000233715975829023 0.414372821565905 0.00445597905713439 0.580937483401132
0.000793123869263786 0.618010890805288 0.00411462673237093 0.377081358593077
0.00103486261652036 0.744573752326413 0.00251172167340296 0.251879663383664
0.00174421344430704 0.311439311463788 0.0203717492044791 0.666444725887426
0.0206307904504062 0.604684161404875 0.00611629916001135 0.368568748984707
0.00039548894533437 0.410470973751757 0.0578561861125165 0.531277351190392
0.00219169063510169 0.620213248467584 0.00704296742231365 0.370552093475001
0.000709084771651272 0.489760001351085 0.00290413124748455 0.506626782629779
0.00023063708487461 0.603059710910983 0.0073853240640202 0.389324327940122
0.00399228890624503 0.648757432188084 0.00535829852547905 0.341891980380192
0.00256181514444667 0.628279557242125 0.00106920082091352 0.368089426792514
0.00217445465071556 0.359151485467244 0.0302243413842072 0.608449718497833
0.00101075400159071 0.329557648035883 0.003869716215167 0.66556188174736
0.00259655598838291 0.421475779918403 0.00760318449577486 0.568324479597439
0.00031995710144935 0.419825515026363 0.0221607467820058 0.557693781090182
0.00514883780801396 0.510010902430173 0.047870174887098 0.436970084874715
0.000591357488332672 0.49473328163155 0.0145664058636318 0.490108955016485
0.00884546229020322 0.619545264189953 0.021456448744435 0.350152824775408
0.000224407734129648 0.440161147453825 0.0028256173726351 0.55678882743941
0.00263947730598364 0.389100460325466 0.0703772967197547 0.537882765648795
0.00650507370255892 0.359505249400753 0.0266256398724492 0.607364037024239
0.000759321815397474 0.316582682505324 0.0111213456212579 0.671536650058021
0.000931525802767224 0.539364938632448 0.0108003226566722 0.448903212908113
0.00123388654667049 0.5845593275769 0.0131508597772383 0.401055926099191
0.000233164665053777 0.372562678448861 0.00247533296108518 0.624728823925
0.0103352492161851 0.669995806353608 0.00447888582001587 0.315190058610191
0.000194709752865638 0.351384336154455 0.00223286930289081 0.646188084789788
0.00297977592342389 0.436361065183135 0.0060536292443326 0.554605529649109
0.00279811997082234 0.6281943857382 0.021158767797725 0.347848726493252
0.000557786201985134 0.653154767727513 0.0107324897837802 0.335554956286721
0.00138601706168543 0.494834771957543 0.0149073732837945 0.488871837696977
0.000222479123090448 0.330679556957628 0.00287531868658244 0.6662226452327
0.00791624994839242 0.650223442703536 0.0459763225051546 0.295883984842917
0.000203841672012173 0.606398348686883 0.00294671275566902 0.390451096885436
0.000833758167305266 0.363917414344946 0.0153312065966546 0.619917620891094
0.00019280514682382 0.418857651701759 0.00637504161558451 0.574574501535833
0.0102742324510043 0.48897776850731 0.0320291038288776 0.468718895212808
0.000251381321784323 0.676673538221792 0.0103773013605426 0.312697779095881
0.0487759287102326 0.361033148996655 0.17498790689042 0.415203015402692
0.00133406740158143 0.832169144678908 0.00911176200227221 0.157385025917239
0.00355679099943273 0.41092839280235 0.0147852775445208 0.570729538653697
0.00174885945688657 0.0867223596159059 0.00628704352344153 0.905241737403766
0.0121963728477808 0.202993958688197 0.10427249308255 0.680537175381472
0.00384491532456274 0.547209810997597 0.0105090523109847 0.438436221366856
0.0884078357801103 0.399821773396207 0.280747124452457 0.231023266371226
0.00297677587209306 0.441296040642831 0.00291073869522287 0.552816444789853
0.000220166735591401 0.458339415647226 0.0100823696167609 0.531358048000422
0.00129775016333391 0.737171638753478 0.0115351298632495 0.249995481219938
0.000238142410333637 0.484063710884391 0.00283201963552358 0.512866127069752
0.00314753410039362 0.612265361721088 0.00509634448390801 0.37949075969461
0.000198041524012428 0.460257622714066 0.0120832170755478 0.527461118686374
0.0305604198547955 0.702845431629918 0.026755230301657 0.23983891821363
0.0208523936697026 0.535450028633218 0.0458607416547892 0.39783683604229
0.000472497824148208 0.371662856623709 0.00408117337609882 0.623783472176044
0.000559370195147598 0.672153764556356 0.00375096756174413 0.323535897686752
0.00580644573931007 0.474644701898215 0.00533972024453529 0.514209132117939
0.000192945469583251 0.597223391088172 0.00072614646429501 0.40185751697795
0.0010231293819947 0.653369976141848 0.00296592063441069 0.342640973841747
0.000247251198142146 0.627888640355879 0.0120180970001274 0.359846011445852
0.000236180570148264 0.386425531479785 0.0031940719248015 0.610144216025266
0.00277641382056175 0.417860795453141 0.00266181739884105 0.576700973327456
0.00229528119966962 0.481131900579144 0.0469912111255077 0.469581607095679
0.0025032914172892 0.648980291595263 0.0173931827713907 0.331123234216057
0.00161251376862649 0.568164854864422 0.00807809926340536 0.422144532103547
0.00250529442365971 0.622250618546363 0.0154259817217448 0.359818105308232
0.000302777214815587 0.629336409030692 0.0200149525842366 0.350345861170255
0.000203123797742199 0.498995381671147 0.000803609517742908 0.499997885013368
0.000252554661639593 0.690650891813265 0.00655424968322932 0.302542303841866
0.000530043142536243 0.390333133029071 0.073174262169602 0.535962561658791
0.00021055213236129 0.373309003110304 0.00143867008677534 0.625041774670559
0.0147736755320875 0.24525829668735 0.16221965583592 0.577748371944643
0.000193472199141648 0.631414065209748 0.00107366838412179 0.367318794206988
0.000236273688209582 0.603643291983988 0.00151503059683512 0.394605403730967
0.00188357164838206 0.720211609819208 0.00614225948377305 0.271762559048637
0.000251691875726804 0.643562702821553 0.00835363962815646 0.347831965674564
0.000453899450640981 0.759590629069514 0.00354555580471845 0.236409915675126
0.0245818756133566 0.392663999865694 0.14494465128847 0.43780947323248
0.000348073363801742 0.254392375969887 0.0189873811383426 0.726272169527969
0.000291412508870147 0.510291879044316 0.00199629163730783 0.487420416809506
0.0205372700455689 0.678888184461159 0.0146163548484333 0.285958190644839
0.00334297972627139 0.367162449943531 0.0178497949090109 0.611644775421187
0.000251720685035538 0.7134822918025 0.00429280250094237 0.281973185011522
0.00355682805284318 0.574843214864371 0.0105225998427912 0.411077357239995
0.00115870450144375 0.343247862040052 0.00768954379496346 0.647903889663541
0.000480009912848479 0.363524317428555 0.00307543497810777 0.632920237680488
0.0010805188511277 0.607595797122198 0.00152823847975607 0.389795445546918
0.00420698949210681 0.556115746409993 0.0154742937090606 0.42420297038884
0.00143255119591533 0.0151653522793448 0.00566326740274711 0.977738829121993
0.000204972587723308 0.526576685607294 0.00445523389333601 0.468763107911647
0.000339025365510478 0.128116572057597 0.734020258139043 0.137524144437849
0.000561107268842856 0.373126367887669 0.00904072389661342 0.617271800946875
0.000373587805139431 0.581237382987506 0.0748048545363271 0.343584174671027
0.00811911016082594 0.579331533508142 0.0165069951448974 0.396042361186134
0.000237130909852135 0.494650275363827 0.00398632480634709 0.501126268919974
0.000287124483835041 0.391780557007123 0.0193181176591158 0.588614200849926
0.00175253106101403 0.776581783232709 0.0129313763145149 0.208734309391763
0.00942896810563446 0.422786989307791 0.0370493304055878 0.530734712180987
0.00221920743513823 0.503673560761482 0.0206787056806089 0.473428526122771
0.000218802947005883 0.592475951448248 0.00088092296544973 0.406424322639296
0.00119777482971476 0.656629742567296 0.00790661791701507 0.334265864685974
0.00372183678911454 0.58385620791397 0.0146084649988311 0.397813490298084
0.00347332054479433 0.567178766868654 0.0190353674784271 0.410312545108125
0.00023475637254354 0.581641787219484 0.00147442554602586 0.416649030861947
0.0149520836701889 0.592403635380845 0.0338586727840275 0.358785608164939
0.0103682798623822 0.589728353366509 0.0191356245409268 0.380767742230182
0.000579112994986612 0.491375180366571 0.010127381734778 0.497918324903664
0.00274970223132181 0.465748117477148 0.000928652293796158 0.530573527997734
0.00712637810389279 0.428638207720842 0.0337720397704407 0.530463374404825
0.000309211225016489 0.24599461468736 0.0100725070736468 0.743623667013977
0.000208779325045153 0.59248443771619 0.00681194372291072 0.400494839235854
0.00979297860408056 0.413376405019888 0.0215990691909849 0.555231547185046
0.00188918954254002 0.482701832176257 0.0124644349763104 0.502944543304892
0.00392183019204955 0.569181236817256 0.0108277432880834 0.416069189702611
0.000177837167597844 0.707280868735702 0.002560331842294 0.289980962254406
0.0233213338308556 0.615472243318326 0.200669939270187 0.160536483580632
0.0613444507680579 0.238382578659669 0.448477453097452 0.25179551747482
0.000731222430081938 0.806678716550582 0.00130805002819591 0.19128201099114
0.00211796603063507 0.649427263157936 0.0747173938803199 0.273737376931109
0.000214921298409603 0.457055886900753 0.00435985103738282 0.538369340763455
0.0184018944006149 0.604465754944532 0.1195069255987 0.257625425056153
0.00149144259649567 0.475309110956359 0.00814038874599396 0.515059057701151
0.0131819137566353 0.613789811661735 0.00572128077623769 0.367306993805392
0.000297885485118432 0.188946027034527 0.00556674668167025 0.805189340798685
0.00331063346402246 0.303116144397322 0.108947618707464 0.584625603431192
0.00100797627232633 0.340076271842482 0.00572046149873188 0.653195290386459
0.000296045944915496 0.735000168943148 0.0187337968936738 0.245969988218263
0.00594798032346071 0.544400680104649 0.0147077384072921 0.434943601164598
0.00136337226912484 0.177998157856946 0.328964234534664 0.491674235339265
0.0697758243011341 0.442211193721328 0.162611128938243 0.325401853039295
0.0133940595524096 0.4175327474743 0.143403100745976 0.425670092227315
0.00277093916040489 0.671238099496291 0.0748069936659586 0.251183967677345
0.00340065188348589 0.813080716937332 0.00298321521651189 0.18053541596267
0.000218138335512562 0.531524664883394 0.0048469710420917 0.463410225739002
0.0049355260657745 0.558338095907604 0.216239825829663 0.220486552196958
0.00317739888113737 0.459338304445787 0.00569194467277782 0.531792352000298
0.000136522718842118 0.671851227878936 0.000820801875135292 0.327191447527087
0.00021107133545787 0.403660201898691 0.00112492994902829 0.595003796816823
0.000292264596670159 0.43255106527359 0.0238174105777913 0.543339259551948
0.000239844511037017 0.32794803623755 0.00220284381905847 0.669609275432354
0.000226460846573957 0.523452369892367 0.00596417292454106 0.470356996336518
0.000577325067443396 0.52458676024499 0.00200739029957426 0.472828524387993
0.00245940640425601 0.571732308113935 0.00559195553746796 0.420216329944341
0.0136813475746117 0.397834808306353 0.0676612196323227 0.520822624486712
0.000788531132472078 0.569943705315948 0.0037478488596755 0.425519914691904
0.000175882665964246 0.627627045647699 0.00199548756106411 0.370201584125272
0.00014400670941735 0.430687781374982 0.00149511496682063 0.56767309694878
0.0016264777801461 0.693678574567185 0.00230842840417861 0.30238651924849
0.00189863594636465 0.746474809233851 0.00799053111149201 0.243636023708293
0.00134443899382767 0.499705598675139 0.00723809511699925 0.491711867214034
0.00807529242887953 0.467884735037301 0.00598371304327141 0.518056259490548
0.000217780788318763 0.570911474927309 0.00070758235654401 0.428163161927828
0.00336282238073909 0.420452613223727 0.0233076781667515 0.552876886228782
0.00432397470024195 0.637354317765965 0.00327413914540992 0.355047568388383
0.00286663403697347 0.544040215740171 0.0496900823140161 0.40340306790884
0.0011213576915234 0.425720879622825 0.00126000391641379 0.571897758769238
0.00262944572232247 0.464369857614858 0.0104500209664773 0.522550675696342
0.00255552112981512 0.853944070389701 0.0209549251508741 0.122545483329609
0.000369339981385646 0.395289765413572 0.0410339182021739 0.563306976402869
0.0014824588599342 0.600799531738168 0.00592966460736015 0.391788344794538
0.00313441838650512 0.545437808369465 0.0371642173548318 0.414263555889198
0.000439202008082068 0.634634939295263 0.00257497193083007 0.362350886765825
0.00353323367370256 0.385447711268034 0.00615500516511352 0.60486404989315
0.00230425234607329 0.426606350116204 0.00594978778785458 0.565139609749868
0.000122233114997263 0.675751044874865 0.0036110981623318 0.320515623847806
0.000248861021196528 0.242871266356115 0.00448012341906985 0.752399749203619
0.000188082657182337 0.396332961810296 0.00230401109232775 0.601174944440194
0.000278171751299796 0.278442783201414 0.00269084521550814 0.718588199831779
0.00279341233802134 0.346755511731975 0.0247286066627225 0.625722469267281
0.00241245624581717 0.584744294060831 0.0112264087778592 0.401616840915492
0.00246862127750481 0.639174149071934 0.000939551159505898 0.357417678491055
0.0112197939966518 0.510223355827823 0.165232824853904 0.313324025321622
0.00178797982761164 0.778694255763445 0.00672450477390615 0.212793259635037
0.00280125553933023 0.532836008747854 0.00799368701495199 0.456369048697864
0.000172168492102214 0.464359138400654 0.000332248292546743 0.535136444814697
0.000201601276593776 0.44894253652987 0.00318727526312128 0.547668586930415
0.0057032352846988 0.526673358248085 0.0306000000322173 0.437023406434999
0.00243314564086251 0.443885271733085 0.00320792798759441 0.550473654638458
0.000831094398568015 0.749615025649562 0.00748203254738217 0.242071847404488
0.00732253710180828 0.530316748623698 0.0128259669950101 0.449534747279484
0.00235921733991019 0.605577551982476 0.0104916852777872 0.381571545399826
0.00454528358717369 0.661062425486836 0.0143149510675507 0.32007733985844
0.000406311070471031 0.433413796627363 0.00356529886630517 0.562614593435861
0.00216374803614004 0.411885212993719 0.00332624963762664 0.582624789332515
0.00194727279276484 0.51973470043235 0.0168494091127681 0.461468617662117
0.000640949880483745 0.322051799971342 0.00365935654112863 0.673647893607046
0.000200472832977354 0.477821553759848 0.00313696021364447 0.51884101319353
0.0227348341484414 0.47934877058098 0.0398304350535374 0.458085960217042
0.00537989599013436 0.615854185647601 0.0231481268382831 0.355617791523981
0.000319893257035087 0.640250053068099 0.0148739239090827 0.344556129765783
0.0607567979734432 0.288772780714173 0.394559070740922 0.255911350571462
0.000511389320375291 0.56196505762084 0.00707930124917661 0.430444251809608
0.000257733191806716 0.740163034322566 0.00248683628367439 0.257092396201953
0.0094968250478422 0.415376999514541 0.0448826771800515 0.530243498257565
0.00215578867344388 0.459147257576709 0.00432289968469004 0.534374054065157
0.00469325856209388 0.682107695711686 0.0218411828782179 0.291357862848002
0.000204328248540765 0.393953766518243 0.00644505337458645 0.59939685185863
0.00316216741432438 0.174863226251421 0.0133880890121447 0.80858651732211
0.00251600261634153 0.504980151452429 0.0142025627555108 0.478301283175719
0.000191813936396763 0.378570189471861 0.0014064259071129 0.619831570684629
0.000253379857287489 0.525880535817011 0.00310041798712523 0.470765666338577
0.000281273135508699 0.500219473903549 0.0074610882021587 0.492038164758784
0.00239150778052937 0.577579070406118 0.00433459050785367 0.415694831305499
0.000241202078196751 0.572122872721886 0.00228578972615845 0.425350135473759
0.00172504852966056 0.453608167250148 0.00325843048800484 0.541408353732187
0.00113791206967119 0.551301073851192 0.00325066818956417 0.444310345889573
0.000243824247177825 0.48088356356454 0.00430688391152177 0.514565728276761
0.00038632648197864 0.511610862155402 0.0110706407195127 0.476932170643106
0.000188182235826394 0.104562594722299 0.000336893741860361 0.894912329300014
0.0118977104368128 0.364074102817243 0.0107248633159769 0.613303323429967
0.000324725123915369 0.315728541622374 0.00741110444234766 0.676535628811362
0.000460301405530403 0.630517448047257 0.00471629434925222 0.36430595619796
0.00590776565366881 0.466294396713375 0.0105289309263589 0.517268906706598
0.00112298308590863 0.429196686151909 0.0130611331915913 0.556619197570591
0.00414841954604085 0.613505539678628 0.0158955274731878 0.366450513302143
0.00158876042638546 0.503327704693684 0.0049336842077546 0.490149850672176
0.0032881146517359 0.623178570191633 0.00730133311924019 0.366231982037391
0.00140382939475632 0.815093972446304 0.00525831226321538 0.178243885895724
0.00105376257910796 0.746268024052969 0.00233599259502978 0.250342220772894
0.00359446020933716 0.70937985087312 0.00650044072561645 0.280525248191926
0.00166486498946945 0.332927161922545 0.00167818782447195 0.663729785263513
0.000249589774025175 0.449329405159294 0.00204362061509882 0.548377384451582
0.00520451108566812 0.725708826822378 0.00250636892635919 0.266580293165595
0.00311044954791717 0.306097906903908 0.0460550617462646 0.64473658180191
0.00022410849770952 0.480798383093696 0.00270398296896562 0.516273525439629
0.00388606236148595 0.539713468704154 0.0178245116409412 0.438575957293419
0.0041115950363022 0.725503716464144 0.00868514872401758 0.261699539775537
0.00236472904846441 0.838545278563921 0.00694103384916997 0.152148958538444
0.00216776273657091 0.62689169648649 0.00533073592850223 0.365609804848437
0.00613460572341566 0.546548575798303 0.00405805404361749 0.443258764434664
0.00315391199405723 0.668578550941602 0.0194029567545174 0.308864580309823
0.000214618998761151 0.681767124137348 0.00135156457537786 0.316666692288513
0.00176037050651036 0.529976676708719 0.0373037722217619 0.430959180563009
0.00139496211435107 0.486982883981062 0.0230441952121853 0.488577958692402
0.000230844004553123 0.452846514140715 0.00287575971823102 0.5440468821365
0.000270296344835587 0.458738034497793 0.00222505864890279 0.538766610508469
0.000496775191014349 0.452965620544183 0.0325061673516944 0.514031436913108
0.00190176425986312 0.425133128040513 0.00309264119194143 0.569872466507683
0.00211691641392589 0.624387789585687 0.00542762721406314 0.368067666786324
0.00026194457297467 0.726093684705775 0.00162146517398948 0.272022905547261
0.000304929015685739 0.518429581588396 0.0069971724010546 0.474268316994863
0.00377143077827873 0.796579478027256 0.00372424629021621 0.195924844904249
0.0367525628115568 0.562494370873845 0.127208249465505 0.273544816849094
0.000260426407291618 0.376412246593376 0.00107975623410586 0.622247570765227
0.00131762147747995 0.592607207636888 0.0122423367458486 0.393832834139783
0.00148129673472751 0.477401591650979 0.00329516476151263 0.517821946852781
0.00455086121356345 0.592660125410035 0.00624126555620347 0.396547747820198
0.00230458768164761 0.307459642258665 0.0124898680377222 0.677745902021965
0.000236907522554557 0.43931247678648 0.00144344206299973 0.559007173627965
0.00391648602522991 0.413312745645293 0.024148366740063 0.558622401589414
0.000240063708063088 0.769754627716095 0.00260335612015576 0.227401952455686
0.0995820900775102 0.490772446390158 0.0982172404845049 0.311428223047827
0.000248047411608472 0.62444891152719 0.00643535341776622 0.368867687643436
0.000217607457632777 0.758920282439172 0.00277361912969265 0.238088490973503
0.00206959842073079 0.724208919004743 0.00188414613273574 0.271837336441791
0.000734990855088906 0.430760112222495 0.00654344936554507 0.561961447556871
0.000221642201167685 0.31293476396592 0.00195650333953271 0.684887090493379
0.00210039405858265 0.494880445984338 0.00618837708935869 0.496830782867721
0.000527080684416639 0.497207452361111 0.00347301711989384 0.498792449834579
0.000221055088907101 0.445656444889679 0.0148725037140772 0.539249996307337
0.000240925618457568 0.285214621087462 0.00826453101820435 0.706279922275876
0.000226246494931638 0.355752547844338 0.00285048992959818 0.641170715731132
0.00760010162233585 0.792020723551141 0.0076940317625068 0.192685143064017
0.000598482005112366 0.560830554717994 0.0038196552508131 0.434751308026081
0.00121304501808023 0.766680811409325 0.0222519319150142 0.209854211657581
0.000285625277013026 0.681993137549846 0.00748881090665075 0.31023242626649
0.000686576031931874 0.726079004489583 0.0125035753797807 0.260730844098704
0.000472972346773517 0.548033104945449 0.0528220874526184 0.398671835255159
0.000351876926664663 0.536782295218643 0.00310891276958706 0.459756915085106
0.000104779324672293 0.626421558595302 0.00199580904897913 0.371477853031046
0.00976671776871155 0.521791043992241 0.00330594098650305 0.465136297252544
0.00962366470770947 0.470899506726756 0.00234366324418608 0.517133165321348
0.0022605413719147 0.55891046471837 0.0160233312035584 0.422805662706157
0.00407768704227049 0.448957813852128 0.00390431532652481 0.543060183779077
0.0304518978512332 0.422907766808087 0.0361311133491533 0.510509221991527
0.0363892055432292 0.539317198356524 0.106409851628847 0.3178837444714
0.000214287161402358 0.627234181944327 0.000582999653589996 0.371968531240681
0.000261653499370284 0.516017309569802 0.0120864227602026 0.471634614170625
0.00402673396714325 0.694872399994597 0.00648690252325676 0.294613963515003
0.000278636190639251 0.347009481546937 0.00622796145350831 0.646483920808915
0.000240065643288162 0.228675631566496 0.0030500690080546 0.768034233782161
0.00339207233425676 0.511413831314047 0.0133179264154398 0.471876169936257
0.00124941759742713 0.315613036259422 0.0657867628777064 0.617350783265445
0.00277761590950116 0.805001179896425 0.00285143919908234 0.189369764994992
0.00291050123506937 0.494195150592302 0.00442482245885481 0.498469525713773
