0.000365769895320219 0.683327774565176 0.0123919893070765 0.303914466232427
0.000215109981343361 0.620156327389947 0.000868503440897445 0.378760059187812
0.00384948709788093 0.498660194049394 0.0195299163291637 0.477960402523562
0.000200336918953496 0.548926880443027 0.000331061951036985 0.450541720686983
0.00346549741287415 0.634758955779147 0.0032889623559689 0.35848658445201
0.000918443626061062 0.485403133917536 0.00667560638319211 0.507002816073211
5.56186314119057e-05 0.00057331280002537 0.000262100730055933 0.999108967838507
0.00030306610830619 0.443375259783687 0.00248455740291174 0.553837116705095
0.000296805774558084 0.298477422852125 0.00720903108425745 0.694016740289059
0.000498104062961143 0.272805906564912 0.21433023077088 0.512365758601246
0.00445664260015758 0.650113727248098 0.00491984306342338 0.340509787088321
0.00330297699824682 0.720368859195862 0.00466420504708878 0.271663958758803
0.000240233134590427 0.755163543986841 0.00401291812526246 0.240583304753306
0.000174195313440006 0.110760469484331 0.000840644280428412 0.888224690921801
0.00244430953602984 0.623806230014717 0.0168013808723035 0.356948079576949
0.00173876593229947 0.546910746434499 0.0067110147082431 0.444639472924958
0.000236980645920534 0.587295249511905 0.000488958443355407 0.411978811398819
0.0163423123320619 0.621845447361167 0.0200923435595785 0.341719896747193
0.000319578643038123 0.491007729580572 0.0472801079805836 0.461392583795806
0.0114572432176877 0.630216126047772 0.010946807114718 0.347379823619823
0.00348286130118082 0.200187025535023 0.00887981049388141 0.787450302669914
0.000218409266164628 0.625738307223647 0.00272678527047348 0.371316498239715
0.00278176232434987 0.559458174525645 0.00889329032423236 0.428866772825772
0.000274413537551451 0.499943910292269 0.00340929944551107 0.496372376724668
0.00615126997868437 0.706554910909602 0.00617250641275554 0.281121312698958
0.0172647675018103 0.323808417858492 0.138461917175622 0.520464897464076
0.00209862424734937 0.78402638165795 0.00796999786736421 0.205904996227337
4.96632644986551e-05 0.00118902262439911 9.93618791621403e-05 0.99866195223194
0.000251696161855149 0.708438738596694 0.00464641371242848 0.286663151529022
0.000199134157978109 0.280987650622834 0.00165269757038408 0.717160517648804
0.000121835358958279 0.000896115227138076 0.000121823616233175 0.998860225797671
0.00358718841782777 0.673963776719362 0.0241243271919866 0.298324707670823
0.000212605648293951 0.632666913464903 0.00087598485708176 0.366244496029721
0.00108105222398524 0.0328814639254952 0.00426191488924504 0.961775568961275
0.000508219412289654 0.358209408150899 0.00220450422375005 0.639077868213062
0.000589192929620208 0.371335780814226 0.00255924730289731 0.625515778953256
0.000230112709878916 0.47603274793091 0.00538412855047771 0.518353010808734
0.000739136678351409 0.484907524570962 0.00846253003307665 0.50589080871761
0.00226305679110916 0.203877430401825 0.00503813014721982 0.788821382659846
0.000209594717166425 0.535068837991423 0.00291090321823087 0.461810664073179
0.000212653478469256 0.619755442461141 0.00168728439204229 0.378344619668348
0.000302189863749294 0.426970182445468 0.00389301138753492 0.568834616303248
0.000207196946370767 0.0705551539773879 0.00155393764570577 0.927683711430536
0.000222624849781666 0.395458075985954 0.000849198600575589 0.603470100563689
0.000206920325889924 0.416337754344375 0.0026517601252105 0.580803565204525
0.000253586014950932 0.745002301936228 0.0068384131149867 0.247905698933835
0.00441870567317328 0.551289400774845 0.0124453329965746 0.431846560555407
0.00210482542813489 0.724539674126083 0.00303043692400062 0.270325063521782
0.00394506120841725 0.797937893005172 0.00531747254461712 0.192799573241794
0.00156329632559562 0.222312329372655 0.00948705280424937 0.7666373214975
0.0495854748613191 0.600605795817473 0.141202601084693 0.208606128236515
8.33760323486639e-05 0.00512275177402699 0.000141308185665448 0.994652564007959
0.00020173320998894 0.254786222116372 0.000541853960405217 0.744470190713234
7.69730097365926e-05 0.00151727922538172 0.000255524137540751 0.998150223627341
0.000214694609302939 0.55664443435796 0.00100211320345424 0.442138757829282
9.52722807637608e-05 9.52693688130652e-05 9.52676351747827e-05 0.999714190715248
0.00341154573035577 0.387948980196698 0.0262821203771309 0.582357353695815
0.00278443685161773 0.632673520246436 0.00567207582402954 0.358869967077917
0.00626668126720077 0.417978528527224 0.0126478201875399 0.563106970018036
0.00022966321524961 0.518783038988199 0.00531109903515948 0.475676198761392
0.000389097248701104 0.551686420185854 0.0334398791261589 0.414484603439286
0.0112771964014704 0.867292629907468 0.00335028773848335 0.118079885952579
0.000245232825744857 0.141798171414784 0.000649332651654664 0.857307263107817
0.00290220990456927 0.467502841459032 0.0331044493639373 0.496490499272461
0.00374440468292728 0.335630456224986 0.00574860630450608 0.654876532787581
0.000271707445185226 0.553586422087943 0.0163423589566918 0.42979951151018
0.00663967203447369 0.579550117693509 0.0100771318654906 0.403733078406527
0.00123066230097566 0.876829965089882 0.00407326078715669 0.117866111821985
0.00378102789223223 0.453083390531843 0.054950501317864 0.488185080258061
0.000397856615062552 0.565069124877105 0.00109553879242498 0.433437479715408
0.00022234983152295 0.181440897123509 0.00316705259095114 0.815169700454017
0.00627676431324194 0.361787990201466 0.101324143469944 0.530611102015348
8.89686260321698e-05 0.00251146950365159 0.000244108021627392 0.997155453848689
0.0029300087454379 0.670477568155875 0.0101019323379341 0.316490490760753
0.000976808353558633 0.262834735686762 0.00178593372566705 0.734402522234012
0.00159375467494096 0.449094695289041 0.00390261117736183 0.545408938858656
0.000247839923103438 0.673027029761931 0.00430986519564038 0.322415265119325
0.000247046351157583 0.511155421857695 0.0070180814707356 0.481579450320412
0.00026538939648421 0.522379706858721 0.00506904256163562 0.472285861183159
0.0042273708373228 0.0962441768379319 0.0564527102414223 0.843075742083323
0.00116468039029999 0.642416438754198 0.107752515766532 0.24866636508897
0.000217567141384489 0.596939348099684 0.00233153791810307 0.400511546840829
0.000246274913920949 0.85259103797117 0.00261870249644399 0.144543984618465
0.000233773968287375 0.477112887232422 0.00268582281479937 0.519967515984491
0.000222342174412108 0.483530361440634 0.00169394689158987 0.514553349493364
0.00316481314442325 0.701017828191471 0.00756920850946999 0.288248150154636
0.000191283875077631 0.112651097805995 0.000466935520494947 0.886690682798432
5.69666642346229e-05 0.000774528281306718 5.69684341427716e-05 0.999111536620316
0.000635537313660614 0.237495006840776 0.00361274755752438 0.758256708288039
0.000185266404294684 0.398910929085957 0.00251128399061217 0.598392520519136
7.7708846593897e-05 7.77050174926268e-05 7.77092127380037e-05 0.999766876923175
3.98139839009662e-05 0.000564316009487705 5.81940068622032e-05 0.999337675999749
0.000216272805880197 0.638153549959981 0.00214424197136962 0.359485935262769
0.000327467993975211 0.354552651964371 0.0888416093269835 0.55627827071467
0.00422192307396015 0.584462310393483 0.0162268991111355 0.395088867421422
0.00176932507761429 0.636031175554596 0.00786401866203665 0.354335480705753
0.000228690979684204 0.541625988195757 0.00324914735405991 0.454896173470498
0.000292447339205806 0.649510176166726 0.0277803533927018 0.322417023101366
0.000224370599691347 0.363821810611858 0.00759401794991474 0.628359800838535
0.00293426782498992 0.575793720628602 0.0160186358211341 0.405253375725274
0.0017998900817782 0.366476008475182 0.00516956140823772 0.626554540034802
0.000182670237639635 0.0655537290316707 0.00170266274882803 0.932560937981862
0.000220275542582595 0.39196350241075 0.00554778737474457 0.602268434671923
0.00258403442013992 0.512019039474902 0.01284298704242 0.472553939062538
0.000233638862057691 0.614380642336267 0.00243742576724461 0.38294829303443
0.000246745455702774 0.755761065571385 0.00218277611931065 0.241809412853602
7.66448159116322e-05 0.00103136220759731 7.66522589151442e-05 0.998815340717576
0.00319592379834805 0.471961820530877 0.0671397568551348 0.457702498815641
0.00286753583886834 0.335554929792778 0.149376510334864 0.512201024033489
0.000229465340027334 0.599155501209665 0.00275109376818862 0.397863939682119
0.000243016849608622 0.167954149630005 0.0240151289578525 0.807787704562534
0.000245260657098826 0.283389714148352 0.00242274659252703 0.713942278602022
0.00358755578094315 0.0377755753863835 0.00915667581889413 0.949480193013779
0.00323259111827253 0.483396317946478 0.00385999767651684 0.509511093258733
0.000209691817901632 0.34689400264745 0.00452760670847781 0.648368698826171
0.000323891065069583 0.604946146211333 0.0145775210613219 0.380152441662275
0.000217826146616627 0.697668575846784 0.00374600950256109 0.298367588504038
0.00307227622639684 0.666507679190747 0.00434984947429187 0.326070195108564
0.000198294021407819 0.389917798614387 0.000833687492982418 0.609050219871223
0.000231837790797885 0.374662481903134 0.00665510672365874 0.61845057358241
0.000696048316270168 0.732751222781151 0.00455701863941067 0.261995710263168
0.000720181465261305 0.496587431749393 0.0111341604234145 0.491558226361932
0.000247189076387472 0.302847173944892 0.0101164729502076 0.686789164028513
4.0082723405326e-05 0.00248659592154686 0.000217196951759173 0.997256124403289
0.000256315378685741 0.411158083727053 0.0159250075710581 0.572660593323203
0.00970111073283134 0.752217612001912 0.0310787343888807 0.207002542876376
0.00207733706201133 0.701380004996649 0.0144655116659068 0.282077146275433
5.8771533422032e-05 0.000332944960788616 5.8772476350461e-05 0.999549511029439
0.00163923494903664 0.32384996666753 0.00326063968091979 0.671250158702514
0.00247032498822211 0.753508047292785 0.0106735695117402 0.233348058207253
0.000201029567008126 0.668900899766513 0.00275228247270589 0.328145788193773
0.000214717193395939 0.475854713274486 0.00806977760561697 0.515860791926501
0.00224996478837599 0.470104034830291 0.00417066963325207 0.523475330748081
0.000254689056668482 0.659762891057435 0.0027296982322967 0.3372527216536
0.0195354052991886 0.339710963942893 0.0664185171310714 0.574335113626847
0.000296688511755062 0.364296317875556 0.0130463066946606 0.622360686918028
8.68683476300013e-05 0.00129447503739334 0.000330731603406125 0.99828792501157
0.000911636990006138 0.403130827207047 0.00408341005948384 0.591874125743463
0.000181063804243011 0.312404616149584 0.000312460497106143 0.687101859549067
0.000393559687426122 0.30305371525664 0.00850468638769452 0.688048038668239
0.000701471383133446 0.268075592355628 0.482463571548999 0.24875936471224
0.00530156840838682 0.828819394738067 0.016262839932975 0.149616196920572
0.000236633997197918 0.402313547842982 0.000760637177195239 0.596689180982625
0.000252143918599319 0.813258588327565 0.0193952063826229 0.167094061371213
0.00433377398040452 0.694566514866228 0.00667637932754084 0.294423331825827
0.00368123781484238 0.324744558941034 0.0127562247807547 0.658817978463369
0.000211820797301979 0.55812338150352 0.00652452309023909 0.435140274608938
0.000370064320652146 0.600141557859914 0.109985720567252 0.289502657252182
0.00330524082648309 0.362924773603601 0.00840253560181262 0.625367449968104
0.00351778552206632 0.374379749760394 0.173803114456858 0.448299350260682
0.00242655337750471 0.650253406312007 0.0479922759126589 0.29932776439783
0.0015039287654006 0.182564870828834 0.0464282649858535 0.769502935419912
0.00024060994643307 0.181275013253324 0.00146831562673426 0.817016061173509
0.116732355872101 0.229949282217338 0.212410248561568 0.440908113348993
8.39398250829487e-05 8.39413840754405e-05 8.3938206651438e-05 0.99974818058419
0.000251042781559005 0.759245487637985 0.00332028572438778 0.237183183856068
0.000178474271866645 0.400827202551616 0.00151524374492259 0.597479079431595
0.00222959918332189 0.596844987999377 0.00931740501033783 0.391608007806963
0.000522373903095786 0.345608729320622 0.186220788449503 0.46764810832678
0.00158816123633266 0.412530455723633 0.0055645555059612 0.580316827534073
0.000145137652003014 0.0912776839187772 0.00126973932067409 0.907307439108546
0.000202343021512721 0.351017537019899 0.00148445214349745 0.647295667815091
0.00150454420191221 0.455547622185845 0.00754811119677405 0.535399722415469
0.000226849168166342 0.629570483887832 0.00120165381675575 0.369001013127246
0.00111575010843715 0.655123673791997 0.00980310047985589 0.33395747561971
0.00160682651900421 0.599065334845091 0.00264159748023583 0.396686241155669
0.00017962284607598 0.490649195126742 0.00200395447964166 0.50716722754754
0.000285918550330883 0.641079455438125 0.00668915491749228 0.351945471094052
0.025784946496206 0.489775138001768 0.0919335276337342 0.392506387868292
0.00567481014982708 0.579661535551701 0.0113780665141169 0.403285587784355
0.000522202194710228 0.520058394290962 0.00168542117928798 0.477733982335039
0.00668075090977937 0.37919028534262 0.0351546995763713 0.578974264171229
0.0047693829535047 0.374516660612966 0.00631067767131872 0.614403278762211
0.000223406851590277 0.619921135207388 0.00280980236622099 0.3770456555748
0.000220349003753081 0.51439762120331 0.00446223002547667 0.48091979976746
0.00994299908240545 0.614620618470142 0.110270600914416 0.265165781533037
0.00123948236300632 0.477297624824462 0.00237248168138568 0.519090411131146
0.000231685107416158 0.530544180128765 0.0047340756344783 0.46449005912934
0.00548453066452692 0.543899340443739 0.00760135795346148 0.443014770938273
0.00115672711517695 0.435628250073559 0.00584852218538895 0.557366500625875
9.3978859543506e-05 0.00118263699006125 9.39847711430107e-05 0.998629399379252
0.0140694784125394 0.577773705351052 0.0307383719460877 0.377418444290321
0.00029512069951861 0.0478618016441281 0.00106576217560276 0.950777315480751
0.00173993124704434 0.603923613240166 0.0116340578384718 0.382702397674318
0.000255896597660279 0.563256512204854 0.00426231731239785 0.432225273885088
0.0100727002235443 0.35756445518048 0.489634306789274 0.142728537806701
0.00243662247997196 0.556496711941638 0.0135706642530291 0.427496001325361
0.00034217274762951 0.421527032372965 0.00474504775996213 0.573385747119444
0.000246224809879122 0.685192568139036 0.00897800557513407 0.305583201475951
8.55394228030966e-05 0.00490999077098438 0.000418773845552925 0.99458569596066
0.000227558904200004 0.626818409014891 0.00829309619319395 0.364660935887715
0.00201721898835438 0.441951095976653 0.0104257347053389 0.545605950329654
0.00358970720665465 0.708307465511326 0.00328465448028292 0.284818172801736
0.00023248881699218 0.477583045938111 0.00222265333095891 0.519961811913938
0.000247916024872624 0.191304926767921 0.00167119536294431 0.806775961844262
0.000201564398791594 0.238744560135148 0.00443451864142807 0.756619356824633
0.000270887210269471 0.217872995995548 0.00258066907410044 0.779275447720082
0.000266291466442282 0.576437880789146 0.00394430973490953 0.419351518009502
0.00136544015469563 0.751857084461046 0.00569346413258804 0.24108401125167
0.000211371349764028 0.583136422372025 0.00415329321783054 0.41249891306038
0.000195052881561075 0.0897785450689192 0.00577489362633006 0.90425150842319
0.000274151631229378 0.340944651455254 0.0114263849682468 0.647354811945269
0.00601490188897944 0.649863131986782 0.0139198634217882 0.330202102702451
5.58060445027579e-05 0.000626285257684444 5.58013750780908e-05 0.999262107322735
0.0041779310727904 0.302849608546871 0.0889492853859621 0.604023174994376
5.7794866577356e-05 0.0010741014298757 5.78111434730212e-05 0.998810292560074
0.0017802135088546 0.528420582815779 0.00656466239860309 0.463234541276763
0.00130858253918449 0.437776690692313 0.00829016180256083 0.552624564965942
0.000255904758053314 0.653303223823217 0.00175279189740747 0.344688079521322
0.0133193745537295 0.524596303354356 0.0740633700096467 0.388020952082268
0.00826786168515012 0.355318355517538 0.0159765764946525 0.62043720630266
0.000201596664669635 0.728779582185524 0.00349856378398401 0.267520257365823
0.000656345738074078 0.592321121586292 0.00425912664037785 0.402763406035256
0.00067967638786434 0.470579241222755 0.00296909963033064 0.52577198275905
0.000564142842645637 0.00599142865160248 0.000885305744621914 0.99255912276113
0.00318162988985424 0.165889297027348 0.0201098773660825 0.810819195716715
0.000328343068559496 0.521524731712607 0.00977367618034683 0.468373249038486
0.00148213337159561 0.427544950047311 0.0117220433732659 0.559250873207828
0.000451331821444128 0.594044732820325 0.00499815038499075 0.40050578497324
0.00743228465156637 0.669550756326199 0.0164412788803313 0.306575680141903
0.00148372243179187 0.166660488830127 0.0108280820061526 0.821027706731928
0.00137546310018499 0.437851219007722 0.00156888974414121 0.559204428147952
0.000202488408832237 0.0471145506147062 0.00203483488133628 0.950648126095125
0.00231478171098393 0.634047808562594 0.00336311656685952 0.360274293159563
0.000265895447286461 0.527099050617517 0.00681407648310105 0.465820977452095
0.00216817606355778 0.0834130887751066 0.121838699551769 0.792580035609567
0.00425146026202269 0.374144334090486 0.00627715083620435 0.615327054811287
0.000182636428476003 0.314719741764956 0.000452248565045058 0.684645373241523
0.136055410950638 0.0361473276022053 0.770799225252314 0.0569980361948431
0.000776735756626174 0.490937421271673 0.00453219231578343 0.503753650655918
0.00244519021890849 0.610070436673108 0.0109912034869968 0.376493169620987
0.00410214066225827 0.499316481265683 0.00769438474032311 0.488886993331736
0.000232882712327557 0.550001626240217 0.00361161262003324 0.446153878427422
0.000778634073353364 0.475455449485251 0.00234111823206723 0.521424798209328
0.000665288092920188 0.326963378135525 0.202164680250274 0.470206653521281
0.00603314312931684 0.463654889324202 0.0216027858463866 0.508709181700094
0.00462206397551551 0.598497635382111 0.0115414494588013 0.385338851183572
0.000221636685828152 0.410064579112203 0.00145903212706753 0.588254752074901
0.000126412288727079 0.000964357046856095 0.000397810835852597 0.998511419828564
9.15164568584355e-05 0.00936939254607777 0.000745574722255173 0.989793516274809
7.10004793027709e-05 0.00182782267938091 0.000113386232442874 0.997987790608873
0.00323282110699253 0.772456969719923 0.0266238825222467 0.197686326650838
0.000218406416256968 0.606874386679988 0.00250010065306646 0.390407106250689
0.000213461073631592 0.242992294444036 0.00243680647919357 0.754357438003139
0.000187766701202165 0.314280206606111 0.00135250741873896 0.684179519273947
0.0050936359845641 0.459049696948394 0.00406043421551572 0.531796232851526
0.000794839611877805 0.161792304758237 0.00429734199267306 0.833115513637212
0.00578236774102304 0.725495454303503 0.0149936986304173 0.253728479325057
0.000293537449387495 0.622477922252681 0.00803739565724184 0.36919114464069
5.64213239117041e-05 0.000697383381892245 0.000198770713795338 0.999047424580401
0.000188698716650573 0.551537367765851 0.00124578136506499 0.447028152152433
0.000483081110705317 0.299562881607192 0.00492832422140466 0.695025713060698
0.0014692309201826 0.722817741585941 0.00754111500239381 0.268171912491482
0.000338740539541 0.303395232745295 0.00572318689422731 0.690542839820937
0.000240876305053011 0.541043048846064 0.00425252193577211 0.454463552913111
0.00877623790687942 0.720802294551492 0.00602051961018861 0.264400947931439
0.000220625301365033 0.652334108156111 0.00209200780227318 0.345353258740251
0.000241674341606848 0.337688631266162 0.00650203463549552 0.655567659756735
0.0869863137044209 0.0125623180045044 0.130562463254065 0.76988890503701
0.000214685072141287 0.539122288079136 0.00208023097729086 0.458582795871432
0.000399336811016256 0.377272930957614 0.00973774923888757 0.612589982992482
0.00208512309364125 0.613092828860226 0.031852841951535 0.352969206094598
0.00523508413739426 0.480708576010833 0.00298570101447781 0.511070638837295
0.00218707446193783 0.703895622068332 0.00246102273180214 0.291456280737928
0.000757566885270819 0.612202075558883 0.0222800711810057 0.364760286374841
0.00233191878436744 0.579858188936466 0.00569108004739632 0.41211881223177
0.000265555835101538 0.568431398266638 0.0178318039977755 0.413471241900485
0.00269564443343758 0.314017508169794 0.00377881448768718 0.679508032909082
0.000284777736586489 0.319316951467849 0.00587256604988001 0.674525704745685
5.97956731622284e-05 0.00149690262298192 0.000121563211253929 0.998321738492602
0.00459248301873164 0.712021726048661 0.00902513942756957 0.274360651505038
0.000992234877276613 0.255224553153689 0.00728531199282381 0.736497899976211
0.00146421078704044 0.484973599381522 0.00485765049476859 0.508704539336669
0.000218215792773004 0.620259254698773 0.000408443205194622 0.379114086303259
0.000310473116243512 0.433452257007558 0.0235291585017943 0.542708111374404
0.00160728750250048 0.676617794426606 0.00563362324502263 0.316141294825871
0.000235545722522913 0.380445558382376 0.00291375466294571 0.616405141232155
0.000310054363213125 0.476219341102267 0.0123669995814625 0.511103604953057
0.000503993341188784 0.267144076355945 0.0552951004628831 0.677056829839983
0.000215416676326755 0.653894048252192 0.00269321459228445 0.343197320479197
0.00102964568698691 0.628531588714732 0.00486306761716165 0.36557569798112
0.00329740592010802 0.699893168763235 0.00876256269143821 0.288046862625218
0.00214918414114941 0.731277824327283 0.00449462666728082 0.262078364864287
0.000294285740832553 0.470198410151566 0.00929574338733494 0.520211560720267
0.000237313068704035 0.356164873248627 0.00201684606286088 0.641580967619809
0.00252353463574662 0.562663388086458 0.019016821185967 0.415796256091828
0.000477654464993002 0.162218215757331 0.0237905476198265 0.813513582157849
0.00216876627256677 0.414526929103248 0.004491783248884 0.578812521375301
0.000288520541284457 0.681109028802365 0.00655810959371118 0.312044341062639
0.000307315689451712 0.400844510158232 0.00781876408858412 0.591029410063732
0.000227257192151822 0.35053240351301 0.00288855279488067 0.646351786499957
0.0131389217339818 0.48791758390554 0.014564058381423 0.484379435979055
0.0105343960941184 0.210930185064789 0.0314430139286498 0.747092404912443
0.0012861074505261 0.433646942317477 0.185067132170609 0.379999818061387
0.0336179737585564 0.287626741855524 0.0553147537321868 0.623440530653733
0.00329324542373125 0.529517531717798 0.0200550473092683 0.447134175549202
0.000231591694959155 0.211693458663693 0.00178703547747832 0.786287914163869
0.000249644619072975 0.274852866234719 0.00226890340920469 0.722628585737003
0.00128508387959361 0.272784688025452 0.0074509958775442 0.71847923221741
0.00491814926869325 0.530081212674768 0.00704066135510223 0.457959976701436
0.000107310943310591 0.00717765505865224 0.00063670381879968 0.992078330179238
0.000228957149864931 0.569158959113015 0.00295090708663651 0.427661176650484
0.000169205232939697 0.0913020397613476 0.00167491078354505 0.906853844222168
0.000151511113132943 0.204940796672934 0.000934960676614187 0.793972731537319
0.00030752851469323 0.751089378607817 0.00520262332512432 0.243400469552365
0.00364495616058479 0.699356568657011 0.00671454560859237 0.290283929573812
0.00284812003872694 0.607463191033032 0.016359835075879 0.373328853852362
0.0165406417166 0.538825390755176 0.0054173208297036 0.43921664669852
7.0665620414867e-05 0.000674046408643414 7.06650736815534e-05 0.99918462289726
0.0100494892534169 0.29202920442969 0.540672987464154 0.157248318852739
0.000213159648772739 0.662251781728589 0.00238791513277753 0.335147143489861
0.00807145206831715 0.52012774541586 0.125040675353347 0.346760127162475
0.00328369497841554 0.482856471849425 0.00233441542333488 0.511525417748824
0.000127339819512229 0.0619064981250057 0.00101625497590703 0.936949907079575
0.00133482810798712 0.486346756800564 0.00569202531678946 0.50662638977466
0.000704755805310096 0.271094165396713 0.00413811669319878 0.724062962104778
0.00358388071845336 0.728038733621724 0.00815409558637086 0.260223290073452
0.00586914392497048 0.633749065688684 0.013395012214375 0.34698677817197
0.00128184813643457 0.0900672966379424 0.0113341915933008 0.897316663632322
0.00840973991841583 0.634139457740654 0.0361743101949771 0.321276492145953
0.00016018975490795 0.249204630936573 0.000717161529960182 0.749918017778559
0.0101243029096191 0.667153402273752 0.00840234532488735 0.314319949491741
0.000255599183955984 0.431344902523785 0.00819165548504897 0.56020784280721
0.00248005184370755 0.362048795041574 0.014899396524392 0.620571756590326
0.000211225753231543 0.615575284157023 0.00292330261256671 0.381290187477179
0.00246878300282798 0.350789304495302 0.00579326084334791 0.640948651658522
0.0019137780620703 0.471697818752563 0.0107199004127603 0.515668502772606
0.000181897244079963 0.411610079870005 0.00127761232668126 0.586930410559233
0.000976021924698826 0.738181131101377 0.00728786696484273 0.253554980009081
0.000316843586596955 0.491899146756254 0.00643509681067742 0.501348912846471
0.00141335387108 0.455759851791481 0.0030064580852949 0.539820336252144
0.00139448595504981 0.581329418705896 0.002826123036949 0.414449972302105
0.00861794169681845 0.425026850545699 0.0165884341371282 0.549766773620354
0.000459948922618619 0.434030982969411 0.00140318952642175 0.564105878581549
0.00029833968856056 0.324006996091776 0.0174749672485822 0.658219696971082
0.000109516988226447 0.000321371505227199 0.000109523438650494 0.999459588067896
0.000293237675272888 0.399834767708909 0.00959207913259985 0.590279915483218
0.000194194894815586 0.239830432688166 0.000862103295451747 0.759113269121567
0.00023844300623943 0.560259299874549 0.00306498966256698 0.436437267456644
0.00324403794805139 0.736143661789834 0.00469607146593513 0.25591622879618
0.000190472910326433 0.187522489628091 0.00184408967238005 0.810442947789202
0.000195965214956787 0.604565412822813 0.00110245446894306 0.394136167493287
0.000578731773633108 0.757651859088797 0.00354172179634561 0.238227687341224
0.0001822566379957 0.193842099019341 0.00187462676573269 0.804101017576931
0.000400488246346069 0.327704825376584 0.0366636100496142 0.635231076327456
0.00263458331247359 0.626521012109114 0.00575744748319051 0.365086957095221
0.00986949286709848 0.731108286358875 0.0507104241066363 0.20831179666739
0.000231709272241415 0.79306285136061 0.00662651320406211 0.200078926163086
0.000902378251509064 0.493357428777345 0.00405707300685972 0.501683119964287
0.000212274622996174 0.170207779355184 0.00185965455158536 0.827720291470234
0.0147804053539086 0.745511130429656 0.013034108954794 0.226674355261642
0.0178074249827239 0.586953984218119 0.0852616774472924 0.309976913351864
0.00337050970895931 0.727331698748284 0.00832674689525442 0.260971044647502
0.0081559344690095 0.760801430916863 0.00722603802750114 0.223816596586626
0.000330797538465813 0.229235541415482 0.00861900457693813 0.761814656469114
0.000180852794008621 0.738476129956745 0.000752894291459026 0.260590122957787
7.59478482852597e-05 0.00280910308912849 0.000223115087475481 0.996891833975111
7.85206160761821e-05 0.000285684144618608 7.15875740655606e-05 0.99956420766524
0.00141928546672499 0.842107503169449 0.00991463130359604 0.14655858006023
0.00389586531887647 0.804867129505368 0.0043638763992442 0.186873128776512
0.000123018747030132 0.0555494178334598 0.00136938968821846 0.942958173731292
0.00019790008225893 0.504283225398673 0.00266252224921999 0.492856352269848
0.00652015464877749 0.684558070426901 0.0154213113914885 0.293500463532833
9.2797700485976e-05 9.27978023438792e-05 9.2800734550457e-05 0.99972160376262
0.0298890006216497 0.0935534111785207 0.303744763092594 0.572812825107236
0.000205644224294115 0.496755037571945 0.000205728471363499 0.502833589732397
0.00207945044894051 0.534962045964866 0.0129251662636047 0.450033337322588
0.000189647973982246 0.0862250411668977 0.00147031948862642 0.912114991370494
0.000501731984958927 0.294481370369236 0.0101680031223781 0.694848894523427
0.000512654598420719 0.487268491365307 0.00283519602806679 0.509383658008205
0.0186205800750475 0.60899814529835 0.0584335002088965 0.313947774417706
0.00243576547361619 0.605269437692693 0.0107004511219324 0.381594345711758
0.000282517762064407 0.528722740563507 0.0226911415072199 0.448303600167209
0.000237199972760984 0.250289989415897 0.00345102256046589 0.746021788050876
0.00209729449190624 0.0566157050530207 0.00744683769860216 0.933840162756471
0.000210922647182563 0.547577624533188 0.00123026605304117 0.450981186766588
0.000240005036654387 0.728201865721013 0.00672114946351892 0.264836979778814
0.00420807062686219 0.8873023169817 0.00706979848036035 0.101419813911077
0.000293251356683669 0.558966478352931 0.0147745074845099 0.425965762805875
0.000167647156180439 0.076367577218676 0.00100328089116851 0.922461494733975
0.00140166865929685 0.544983794340817 0.004708525533595 0.448906011466291
0.0296360315312708 0.48784047625873 0.0289290706867401 0.453594421523259
9.13766270742456e-05 9.13736932444425e-05 9.13780926077935e-05 0.999725871587074
0.000362882435612115 0.672943438292245 0.00170746577210831 0.324986213500035
0.0154550861213731 0.385514756459439 0.0456507283750093 0.553379429044179
0.000194994917138175 0.576090103675528 0.00118375839503117 0.422531143012303
0.00234232297908718 0.350693945500936 0.0162223280434351 0.630741403476542
0.000529155950207224 0.40709744513255 0.0013560772027241 0.591017321714519
0.000652303277749711 0.266684172277796 0.00599931002528526 0.726664214419169
0.000261661378164375 0.506517962150727 0.00169308117786062 0.491527295293248
0.00274691458845042 0.744629072262334 0.00928229678185793 0.243341716367357
0.00421997332901108 0.412272654270418 0.0107032521624928 0.572804120238078
0.00343809232225262 0.660801970782233 0.0240221396999607 0.311737797195554
0.0317359111801354 0.503534642451953 0.107829037334453 0.356900409033459
0.0817627932210255 0.169583633328719 0.414449397042991 0.334204176407265
0.000498180939263878 0.674054746323252 0.00168624396240133 0.323760828775083
0.000243877147872995 0.526194589801659 0.00146275227054627 0.472098780779922
0.000198987512347231 0.491668392026776 0.00203296345257936 0.506099657008297
0.000258421361423121 0.224896221483033 0.00381401833683842 0.771031338818706
0.00156925182660941 0.641957333620556 0.00280647651520082 0.353666938037634
0.00132943183858274 0.380730792132414 0.00932550668200431 0.608614269346999
0.000239045831377704 0.0862223706175507 0.00632257651385457 0.907216007037217
0.00303990622992749 0.273025597048692 0.00711055371651708 0.716823943004863
0.000263952721024446 0.0283044910009704 0.00120284673466758 0.970228709543338
0.000291191512715949 0.322275361660078 0.00623342325679258 0.671200023570414
0.000191661490636694 0.203179958378173 0.00261833608338637 0.794010044047804
0.000118324713908101 0.479954688111063 0.00296140630313645 0.516965580871892
0.0272990179285576 0.364668167069013 0.0409306413477796 0.56710217365465
0.0735566391739685 0.333199350763513 0.312892711569299 0.280351298493219
7.9805365882986e-05 0.000278635426171788 7.98077827658256e-05 0.999561751425179
0.0013848866548771 0.550179984459238 0.0170301612673153 0.43140496761857
0.000264027054749898 0.473723484766969 0.00143729948727932 0.524575188691002
0.00100529836789871 0.116831707904728 0.00219327807405915 0.879969715653314
0.00399971111871116 0.544718628174532 0.00724007519785389 0.444041585508903
0.0203913603032897 0.520773497532696 0.168566126743954 0.29026901542006
0.000190717323059386 0.128831970425 0.00373724514820428 0.867240067103736
0.000429712714445774 0.342255201349841 0.00231288270988953 0.655002203225823
0.000192054270433993 0.448231947807267 0.00120691714732009 0.550369080774979
0.0189072182801465 0.623324754109488 0.00516679520465322 0.352601232405713
0.00504471614710326 0.61857794617536 0.028748334473248 0.347629003204288
0.00256671915413885 0.262181233182453 0.00849648278691526 0.726755564876493
0.000583342386545754 0.548300098038778 0.00318477616681663 0.44793178340786
0.00356646671613079 0.630226794114338 0.0166432306468574 0.349563508522673
0.00105112158072179 0.552531287611508 0.0519576404699934 0.394459950337777
0.00422371167293088 0.493651939480891 0.00643121474077339 0.495693134105404
0.000228036076890767 0.746690338818141 0.0029885408602755 0.250093084244693
0.00186597104086071 0.584168426330486 0.0140268666665239 0.399938735962129
0.000287971248698424 0.816079173844526 0.00718111195829892 0.176451742948477
0.000238326642613238 0.551196682095352 0.00698698372180677 0.441578007540228
0.000275913086212842 0.258230241726323 0.0044615005627942 0.73703234462467
0.000109547856001378 0.0086893430103695 0.00117912380158694 0.990021985332042
0.177500687100033 0.119946609375326 0.522591747024041 0.179960956500601
6.64986712362701e-05 0.000849160597995002 6.65121674636188e-05 0.999017828563305
0.000192275143155738 0.592666867273333 0.00547674193670534 0.401664115646806
0.000177013857946339 0.366860481597378 0.00417632973550709 0.628786174809168
8.41620537149774e-05 0.000219215265155948 8.41605524247471e-05 0.999612462128704
0.00560131677834673 0.506435843716357 0.0249314289405246 0.463031410564772
9.66819231741499e-05 9.66839202722098e-05 9.66857744494996e-05 0.999709948382104
0.00247052850454752 0.359238869780604 0.0861225375443466 0.552168064170502
0.000162967526884496 0.600451870700475 0.00548680800418049 0.39389835376846
0.000371075044476642 0.537878455579256 0.0388833420071416 0.422867127369126
0.000146504378834789 0.0583145588006792 0.00214743153100214 0.939391505289484
0.00455625007632159 0.565544826106298 0.00581207524814361 0.424086848569237
0.00452969892901282 0.553972158685264 0.0165262764598736 0.42497186592585
0.00194093296219385 0.6135555576509 0.00319764803948998 0.381305861347416
0.000398539066191457 0.487553516240737 0.000125508944930439 0.511922435748141
0.000210229698545251 0.605323789106819 0.00349298029281409 0.390973000901822
0.000317850520202145 0.074386995058911 0.00844323307953276 0.916851921341354
0.00105807039586375 0.478682171579959 0.0160490747843643 0.504210683239813
0.00381026479533025 0.344333906485441 0.0526509808871709 0.599204847832058
0.00278458852978677 0.41658797561648 0.00450734008385288 0.576120095769881
0.00425717126671841 0.773665653724205 0.00926422186788935 0.212812953141187
0.000305125186894464 0.17942799712371 0.00183488092733014 0.818431996762065
0.000699094690830132 0.580613617318446 0.0217927862633065 0.396894501727418
0.000227492337191052 0.631303506801839 0.00177482476920402 0.366694176091766
0.000219147537286676 0.803159612210962 0.00155952726248426 0.195061712989267
0.00434488608105581 0.59043309884719 0.0095374706460889 0.395684544425665
0.00133120445328314 0.562367152024303 0.0130387188173898 0.423262924705024
0.000185920138134616 0.739069387325013 0.000645875544459684 0.260098816992393
0.00132875709139452 0.457117167556286 0.0412155286394999 0.50033854671282
0.000229119336753848 0.611590866071111 0.00598259420898646 0.382197420383149
0.000248035850384727 0.356168794259964 0.00448477696861685 0.639098392921034
0.000221916420589115 0.652108205859869 0.0057721641185748 0.341897713600967
0.00584755151418274 0.640914006853581 0.0127493152847663 0.34048912634747
0.000212672146470145 0.383549686217755 0.00276735858989163 0.613470283045883
0.00500764113625664 0.61900756728945 0.00585331564889878 0.370131475925395
0.00303936274252626 0.60683797573219 0.0158455087905312 0.374277152734753
0.000588594113150662 0.758391656522284 0.0169876815101838 0.224032067854382
0.000821709221494685 0.628823094057391 0.0051741078156259 0.365181088905488
0.000224298046094002 0.483322738682529 0.00794315124575962 0.508509812025617
0.000512341317419866 0.260808499917105 0.00244008602036085 0.736239072745114
0.00130371430657222 0.656743438643095 0.00542952947296444 0.336523317577368
0.00166280039115186 0.391776642833423 0.00927287080820661 0.597287685967218
0.000205596848498526 0.32258773401269 0.0022152177559366 0.674991451382875
0.00506561988942028 0.443916983785905 0.00567498099883488 0.545342415325839
0.00312661056829707 0.55340776588326 0.0226416069589678 0.420824016589475
0.000228079857319013 0.583105732777817 0.000905948785830756 0.415760238579033
0.00145357611469436 0.611059095375559 0.00275430867105069 0.384733019838696
0.000243190877420093 0.368208969791391 0.00194406806912016 0.629603771262069
0.00341754492335166 0.58478131911246 0.0204794723035748 0.391321663660613
0.00257506810582633 0.601631004343164 0.00750839268332563 0.388285534867684
0.000781942074351047 0.664126531240492 0.00576384841399451 0.329327678271162
0.00170136471449531 0.600940407789917 0.00461090828965166 0.392747319205936
0.000260810529126396 0.494083712447928 0.000725883273484038 0.504929593749461
0.000129543348263289 0.70962154348008 0.000736123806337581 0.289512789365319
0.00016266748815135 0.33754982653272 0.00210070609115788 0.660186799887971
0.000237521039866206 0.62809693166851 0.00537224925104648 0.366293298040577
0.00555833815712545 0.46285459283083 0.0304591360135346 0.50112793299851
0.00103149755036998 0.610966156369561 0.00677700940836002 0.381225336671709
0.000203157434510269 0.813109519278425 0.00230051885840793 0.184386804428657
0.000377959966610376 0.535860434474748 0.2849705207074 0.178791084851242
0.0313832232333444 0.432452330731273 0.234603250210114 0.301561195825269
0.000252893111601342 0.537750781459914 0.00304967268920945 0.458946652739276
0.00185616683201454 0.434806321174576 0.00842151508536778 0.554915996908042
0.0065644186951721 0.346027720486104 0.0136999973183331 0.633707863500391
0.000372501173865155 0.581473277583342 0.0158908003197378 0.402263420923056
0.00565001690429391 0.386948612715835 0.00912206847232198 0.59827930190755
0.00101600787513374 0.461297364519895 0.18129671727979 0.356389910325182
0.00832780201669639 0.656669026914712 0.0502323831182721 0.28477078795032
0.0122159880639491 0.548658410484471 0.051647089117563 0.387478512334017
0.000214991486912565 0.378807948905562 0.00215621267543845 0.618820846932087
0.000180666891447373 0.581828137284168 0.00420720701377537 0.413783988810609
0.000281402891430078 0.502830073784721 0.00561750050023808 0.491271022823611
0.000621814220654158 0.321712630030666 0.0174860530534142 0.660179502695265
0.00140016108643646 0.580119061378847 0.000534461626212917 0.417946315908504
0.00751592223457541 0.465961162349028 0.00459141504736409 0.521931500369032
0.000106278738552105 0.000106280423546985 0.000106281281177157 0.999681159556724
0.000296267330682124 0.608145263946963 0.000933926099228621 0.390624542623126
0.00657408448408461 0.660637882303664 0.0070669273351914 0.32572110587706
0.000238203044640885 0.147524878863964 0.00250229269845663 0.849734625392939
7.61744666637047e-05 7.61755150505695e-05 7.61765056511704e-05 0.999771473512635
0.000258175486449523 0.420659298426388 0.00681085074931531 0.572271675337847
0.00420636816196405 0.462091366471095 0.0034203477481599 0.530281917618781
0.000290975361039222 0.196248000042291 0.00311999597606489 0.800341028620605
0.00113657027322122 0.345378006789074 0.00461810814812719 0.648867314789578
0.000202302448594595 0.380530102285368 0.00127572999355109 0.617991865272486
0.0110861435747679 0.554037938633766 0.0608706505855936 0.374005267205872
0.000343374427921857 0.257079762327804 0.00425074663497243 0.738326116609302
0.000186170067579885 0.116519265022951 0.00121921746518414 0.882075347444285
0.00157036928357665 0.628298026802416 0.010733313553424 0.359398290360583
0.000221819538403271 0.36311569791026 0.00209408604157633 0.634568396509761
0.00172263359340092 0.240318213936857 0.0135813706995573 0.744377781770185
0.000928455728128419 0.554570799685321 0.00752805735044916 0.436972687236101
0.00374628509533 0.58072601799107 0.00515351756557002 0.41037417934803
0.00143809372927724 0.536769088465558 0.0423023233190545 0.41949049448611
