0.98367173741459 6.14569645803296e-05 0.0162054140508443 6.13915699858035e-05
0.350487684393845 0.000300835635316166 0.64684423100598 0.00236724896485947
0.643881422876744 0.000123185030990718 0.355872029700642 0.0001233623916234
0.670016949293849 0.000197317693868834 0.329588480712591 0.000197252299691224
0.63241940234756 0.000123413266989429 0.367333828024898 0.000123356360552974
0.758437509580758 0.000127506359716759 0.241307673383759 0.00012731067576627
0.36836276829606 0.000143048723795971 0.631351286935044 0.000142896045099974
0.375976577080411 0.000196611123331228 0.621996280828421 0.00183053096783663
0.993530389300713 5.30280506158876e-05 0.00636347767640535 5.31049722656815e-05
0.544549647512213 0.000205320249595868 0.455039827477175 0.000205204761016131
0.534233632903739 0.000131691219639485 0.465502056250275 0.000132619626346722
0.992984471436075 5.90826172211412e-05 0.00689736634331847 5.90796033853786e-05
0.331552309662653 0.00015311103671857 0.668141162371019 0.000153416929609623
0.793913794357136 8.93997743339598e-05 0.205907431425774 8.93744427564152e-05
0.855409064685474 9.6584109268582e-05 0.144397712288832 9.66389164254802e-05
0.945977908725979 7.61601961722749e-05 0.053869785510108 7.61455677403255e-05
0.685009732818571 0.000145121364158601 0.31469987788816 0.00014526792911058
0.497281727487807 0.000147011721560757 0.502424694134775 0.000146566655856561
0.651443213515325 0.0002081213267025 0.348139709405476 0.000208955752497058
0.866676206042477 8.98041063709115e-05 0.133143945805888 9.00440452632831e-05
0.246697799553151 0.000154682276405736 0.752992427732932 0.000155090437511437
0.896587862631919 6.87790889017351e-05 0.103274499674912 6.88586042673687e-05
0.837893294653687 0.000108761310180033 0.161889472281733 0.000108471754400521
0.161697683930843 0.000234867163072052 0.83614623889765 0.00192121000843415
0.912820710997589 0.000140463904391882 0.0868983297551638 0.000140495342855008
0.395812982576547 0.000107959504834012 0.603971262188655 0.000107795729963845
0.386922260852827 0.000247870633070037 0.610453291606072 0.00237657690803031
0.336573659848895 0.00032859736232029 0.662769182949504 0.000328559839281284
0.825833999928062 0.00012282688472292 0.173920592780966 0.000122580406248626
0.697149975446943 0.000115758595036073 0.302618440088189 0.000115825869831512
0.311407375229766 0.000103476057664898 0.688386050396205 0.000103098316364224
0.662413910286588 0.000289289250293804 0.337008069168422 0.000288731294696239
0.352002184506501 0.000186513892946382 0.64762441861081 0.000186882989742396
0.359997431105402 0.000118021537846711 0.639766523105247 0.000118024251503443
0.576093856371274 0.00012908902251457 0.423649150835368 0.000127903770843198
0.642489093880677 0.000151065577328992 0.356938774786994 0.000421065754999616
0.579448806721536 0.000237513405826229 0.42007603090409 0.000237648968547205
0.705186808601441 0.000140214959143311 0.294533343464849 0.000139632974566451
0.359275377501564 0.00564270879285597 0.627587105136532 0.00749480856904831
0.736611235864896 0.00017077574313127 0.263046733372919 0.000171255019053164
0.730253545349108 0.000102572332084039 0.269541680143903 0.00010220217490501
0.983868098847495 6.0572472421525e-05 0.0160107647892065 6.05638908771464e-05
0.165513145802983 0.000174817245576827 0.834137175441981 0.000174861509459238
0.178434340163808 0.000176773006857757 0.821212016267541 0.00017687056179357
0.838495712810906 0.000257334176092863 0.160988868621478 0.000258084391523734
0.867520979041102 0.000108147152800041 0.132262715099838 0.000108158706260794
0.796408404000926 0.000133755958483151 0.202990506357701 0.000467333682889379
0.808080211400813 0.000147639576370698 0.191624652287547 0.000147496735269283
0.527167348338712 0.000160643089732405 0.472511740879329 0.000160267692226448
0.526251558278505 0.000120173731526409 0.47350829617877 0.000119971811198659
0.610454539090526 0.000295879841340822 0.388653521482611 0.000596059585521954
0.257711391718809 0.000153623386158894 0.741982905800824 0.000152079094207495
0.204683935736948 0.00308621812800686 0.781650034405591 0.0105798117294546
0.340236604693947 0.000119319410906334 0.659524464804238 0.00011961109090882
0.550932603195824 0.00015801437137179 0.448750827207725 0.000158555225079767
0.556102351051823 0.000155597819028157 0.443586447420909 0.00015560370823956
0.728189601485973 0.000173819663951394 0.271461996267858 0.000174582582217698
0.442835864217217 0.000179908779464561 0.555328359512574 0.00165586749074477
0.866207166488922 0.000126800325075575 0.133538770482439 0.000127262703563209
0.601449062631969 0.000438796902035534 0.39767354494522 0.000438595520776497
0.885513375199692 0.000120536579960332 0.11424587284746 0.000120215372887878
0.694904641026761 0.000106066246809562 0.304883116587718 0.000106176138711516
0.340823811816918 0.000122300932917417 0.658931928798761 0.000121958451403526
0.57818673279223 9.15598643488747e-05 0.421629876925631 9.18304177899824e-05
0.948983186308896 6.32400915478547e-05 0.0508902926044286 6.32809951271024e-05
0.195548933205899 0.00232906191949851 0.795158257293435 0.00696374758116776
0.748795251280347 0.000137412342029834 0.250929967512322 0.00013736886530163
0.872789406291691 0.000184937752055462 0.125740833933983 0.00128482202227064
0.71491582335578 0.000150964824557665 0.284782355658443 0.000150856161219443
0.965464593837158 0.000101984968173758 0.0343313425145491 0.000102078680118718
0.889261416383951 0.000104353037312037 0.110529950545016 0.000104280033720318
0.0231674679249048 0.595046376112332 0.083265324814766 0.298520831147997
0.725895611206896 0.00012454248228899 0.273855334480043 0.000124511830771621
0.490277835969163 0.000517868562149763 0.498169860706111 0.0110344347625758
0.57397657558697 0.000144186377680063 0.42573508315596 0.000144154879390264
0.816321235093095 0.000109858141530662 0.183459095333951 0.000109811431423907
0.694640283000953 0.000103937357836565 0.305151716732684 0.000104062908526086
0.912772750239472 0.00011201838874907 0.0870030679758712 0.000112163395908081
0.884238909253867 0.00010566159724383 0.115549638840788 0.000105790308100461
0.524118405004718 0.000165925754541124 0.475549508067656 0.000166161173084839
0.437014794066056 0.000154681509172769 0.562675849962749 0.000154674462021914
0.868893830351832 0.000133113117216769 0.130839969854967 0.000133086675983814
0.935923291960487 0.000152177857499095 0.0637729411664391 0.000151589015575018
0.561222110838842 0.000188356362843379 0.437422345621709 0.00116718717660565
0.934125292317425 9.07012153801853e-05 0.0656935528906922 9.04535765021373e-05
0.720233374430474 0.000113984553418829 0.279538553704052 0.000114087312055632
0.785200997316075 0.000102012293339616 0.21459507597214 0.000101914418445888
0.00140821404222819 0.670240484393291 0.00192987111943303 0.326421430445048
0.876481761355433 0.000112110449984596 0.123293945265184 0.000112182929399064
0.835750529238531 0.000130967234113533 0.163987551967859 0.000130951559496438
0.850582647801558 7.55346987845685e-05 0.14926647641652 7.53410831366936e-05
0.727173215524737 0.000172627170684887 0.27248094550689 0.000173211797688
0.484357905948464 0.000170975649401463 0.515300280698049 0.000170837704085606
0.537143191154994 0.000137100039092003 0.462582672019399 0.000137036786515034
0.63745117732236 0.000224543117100294 0.357218590949449 0.00510568861109075
0.742172116512419 0.000122102136031289 0.257583642829347 0.000122138522203052
0.74299524227578 0.000107872384144562 0.256787310774091 0.000109574565984095
0.752690922858641 0.000379677442694825 0.246549526636383 0.00037987306228175
0.887669270075872 7.36391955763126e-05 0.112183830296154 7.32604323971482e-05
0.707672364887252 0.000224765754816854 0.291877788860461 0.000225080497470506
0.945878399116433 7.40475421998184e-05 0.0538477541970116 0.000199799144355832
0.497654735477561 0.000152048628851784 0.502040099819233 0.000153116074354318
0.820694625246624 6.79853008929427e-05 0.179169442662802 6.79467896810233e-05
0.527367740401329 0.000134967904718077 0.472362851066542 0.000134440627410183
0.325830261113729 0.000227698296221466 0.672493046025006 0.00144899456504323
0.902123320696896 0.000119434100195062 0.0972920762988442 0.000465168904065116
0.769889790528032 0.000116487364688188 0.229877360829851 0.000116361277429176
0.614158554036847 0.000169501179270725 0.385502399425365 0.000169545358517044
0.894614219128873 0.000195090376408275 0.104995306557717 0.000195383937001581
0.927025595765147 0.000118589432312629 0.0727397401166597 0.000116074685880436
0.603810974327734 0.000135074067604862 0.395918730828781 0.000135220775880356
0.209873212704627 0.000122310813282766 0.789882209340536 0.00012226714155348
0.339255409540273 0.00013020799713273 0.660484172308843 0.000130210153751813
0.552544817319714 0.000192019090677731 0.447071353827714 0.000191809761894487
0.578683848298444 0.000126110849050742 0.421063742395397 0.000126298457108734
0.910459848804288 0.000101309011813317 0.0893375284962467 0.000101313687652312
0.54031737291515 9.97814988860726e-05 0.459483318454858 9.95271311061704e-05
0.456815827811952 0.000203651155486022 0.542776786658487 0.000203734374075646
0.804048853143461 0.000112973444758255 0.195725007681853 0.000113165729927092
0.702475363168151 0.000133942077895458 0.297256779924309 0.00013391482964509
0.881813588982957 0.000141174575340531 0.117904332015923 0.000140904425778829
0.406229482072161 0.000175276341232862 0.593419908642938 0.000175332943668812
0.83669512204245 0.00010995804811608 0.162540346575399 0.000654573334034998
0.606992971740227 0.000151654291315635 0.392703717247114 0.00015165672134382
0.694383005375133 0.000128693020674912 0.305359566924664 0.000128734679528561
0.696060144488816 0.000144766900769392 0.303650379908242 0.000144708702172752
0.86805959343709 0.000122793434622754 0.131694610439478 0.000123002688809714
0.879444221700668 0.000337115538634911 0.119882498141073 0.000336164619624666
0.903291041990261 0.000111557677688498 0.0964858134411344 0.000111586890915939
0.566589701258322 0.000181645658781326 0.433046710554399 0.000181942528497516
0.976253406166665 0.000147504384456877 0.0234515721627207 0.000147517286157713
0.358067130760337 0.000139344957288966 0.641652443103147 0.000141081179227145
0.834758465628675 0.000128261330110996 0.164985031584962 0.000128241456252026
0.192619462411491 8.99127442196637e-05 0.807200091431972 9.05334123180467e-05
0.299789954563607 0.000146088826526207 0.699917767588616 0.000146189021251128
0.504095561614175 0.000103226058081029 0.495697617860892 0.000103594466851271
0.00180948186193839 0.632269345260966 0.00597472875553226 0.359946444121563
0.851616092028842 0.000114304191299563 0.148155481989009 0.000114121790849862
0.819579746206808 7.46251035425301e-05 0.180270987750848 7.46409388017197e-05
0.696907370850019 0.000119655586967894 0.302852599024808 0.000120374538205209
0.442095045429627 0.000150643152023463 0.557603643500087 0.000150667918262427
0.365954469970036 0.000159146764669798 0.633727126599595 0.000159256665699359
0.588204271831009 0.000193818931894486 0.411408367755203 0.000193541481893272
0.471698530872465 0.00014406085075729 0.52801335379825 0.000144054478527719
0.196071403601904 0.000286972434106373 0.800779257499586 0.00286236646440323
0.549844904168971 0.000144891575642972 0.449864962632884 0.000145241622501829
0.803205496804108 0.000140586728079054 0.196513218288575 0.00014069817923775
0.836126056719959 0.000100086236810065 0.163673892589051 9.99644541799276e-05
0.947945359169319 0.000143796129975124 0.0517670471432344 0.000143797557471542
0.531008262230806 0.0002557372089552 0.46848256924454 0.000253431315699035
0.833070819926031 0.000119023104958791 0.16669113265594 0.000119024313070212
0.865032187652829 0.000136405408285291 0.134694437375996 0.000136969562890002
0.969638281003971 4.96344866121318e-05 0.0302622037509577 4.98807584589426e-05
0.773113624118642 0.000146731935486344 0.226593211277556 0.000146432668316156
0.707775706275056 0.000133210658396432 0.291957904996057 0.000133178070489983
0.0938698795735061 0.402110349259755 0.284161372720665 0.219858398446074
0.859240913214863 0.000149339679274054 0.140460246153156 0.000149500952706465
0.744097359562269 0.000117946060566355 0.255666802142686 0.000117892234479446
0.361155009941061 0.000254200645885227 0.638336578919897 0.000254210493156716
0.228324073043113 0.000978150885977416 0.757786024139883 0.012911751931026
0.935259088833108 7.64578588505566e-05 0.0645878047982958 7.66485097458104e-05
0.201496040104558 0.00014743884308774 0.798208963511003 0.000147557541351925
0.849443983381233 6.17335402327721e-05 0.150432512329849 6.17707486850381e-05
0.872870701132397 9.86021630834777e-05 0.126931984044987 9.87126595324371e-05
0.506520413101827 0.000125724682781416 0.493228168397998 0.000125693817393452
0.12452716848621 0.229444146023869 0.362657940643722 0.283370744846199
0.877944444370359 0.000109975335279716 0.121835885443222 0.000109694851139767
0.495663999892223 0.000126524793147027 0.504083118486223 0.000126356828406677
0.881955440990479 8.68371917009885e-05 0.117870875318228 8.68464995921878e-05
0.856780666257259 0.000154254277280567 0.142909912709746 0.000155166755714741
0.65090937290233 0.000125171727200508 0.348840264378911 0.000125190991558642
0.695386814849877 0.000110678170598658 0.304391682010249 0.000110824969275514
0.169129182090868 0.000142456445496116 0.830585966901243 0.000142394562393481
0.652819340289655 0.000109457618498181 0.346961634503105 0.000109567588740992
0.687724682146912 0.000156285252150561 0.311962520906681 0.000156511694256995
0.533529341433909 0.000155145928103762 0.466160333826285 0.000155178811702354
0.909378392552219 0.000102963529925061 0.0904155521155147 0.000103091802341219
0.840002815774667 0.000139278847105162 0.159719394066595 0.000138511311633094
0.858956880956304 0.000519215402585227 0.125493805397064 0.0150300982440465
0.728006874414304 0.000121626848575827 0.271749725630606 0.000121773106514159
0.260907227888329 0.000475488659998136 0.733009008469402 0.005608274982271
0.701985055813946 0.000118699309275822 0.297777651012817 0.000118593863961714
0.923523808017457 0.000101545618627741 0.0762732038806846 0.000101442483230829
0.628086576103672 0.000311103002250969 0.371291541756813 0.000310779137263787
0.249687295487898 9.96745377919088e-05 0.750113411384705 9.96185896048422e-05
0.844909424270758 0.000103245911052362 0.154884249365751 0.000103080452439016
0.791382825934606 0.00014008934245033 0.208336918032378 0.000140166690565989
0.609271556067742 0.00017011027833036 0.390388180298616 0.000170153355311889
0.364939067840018 0.000150046591127253 0.634759659276404 0.000151226292450304
0.241008621158284 0.000173846857890469 0.75797471925275 0.000842812731075033
0.238807434647015 6.27021347431444e-05 0.761066911448684 6.29517695575336e-05
0.837553379299218 0.000171423279372074 0.162103846942777 0.000171350478633457
0.542653083223275 0.00024728354229496 0.456467958310384 0.000631674924046691
0.936448083233069 8.59776104382925e-05 0.0633797068500018 8.62323064907871e-05
0.984113226904341 5.63706674940882e-05 0.0157740387700389 5.63636581256516e-05
0.782718801523073 0.000139763782479952 0.217001391634826 0.000140043059620397
0.334051377833172 0.0001250457178067 0.66569855688607 0.00012501956295222
0.703270369685857 0.000163282372275311 0.29640324735178 0.000163100590087301
0.959608544106203 7.60961670869879e-05 0.0401455157287645 0.000169843997945485
0.469846360049155 0.000387742024569014 0.529594079996333 0.000171817929943829
0.853060720043278 8.6175244171758e-05 0.146766972363 8.61323495503419e-05
0.721995778147985 0.000106662593885688 0.277792671186579 0.000104888071549803
0.94902375087344 8.79217042048664e-05 0.0508004871920458 8.78402303088671e-05
0.297244764416687 0.0194560691237535 0.63670720886939 0.046591957590169
0.937025134525567 7.78016176983773e-05 0.0628194279308037 7.76359259314204e-05
0.360488511638707 8.75613544111298e-05 0.639336373702072 8.75533048099685e-05
0.830092922114159 0.000227669353635589 0.169451779671055 0.000227628861150964
0.95068008901671 0.000362514828949706 0.0485943831831718 0.000363012971168209
0.753806667302848 9.75480598407105e-05 0.245998220380147 9.75642571646075e-05
0.977256164152362 6.95521293013129e-05 0.022604774005613 6.9509712723179e-05
0.851526133378812 0.000106425188075535 0.148219814460797 0.000147626972315894
0.828392182965448 9.07198300974676e-05 0.171426542402548 9.05548019060883e-05
0.573399736932758 0.000295087743509597 0.426010596096242 0.000294579227490401
0.318136307903827 0.000182220802063057 0.681499499281361 0.000181972012748328
0.882242470439793 8.02272259829071e-05 0.117597125390307 8.01769439165115e-05
0.769023174147007 0.00016925361066552 0.23063819075523 0.00016938148709793
0.652177738285083 0.000146472494378535 0.347529262849537 0.00014652637100157
0.284592147486585 0.000122312014508632 0.71516293382241 0.000122606676495894
0.395732822836218 0.000153884274641907 0.603959440468503 0.000153852420638019
0.79414185235367 0.000142545060125777 0.203920122434353 0.00179548015185123
0.501263425350634 0.000138363963661718 0.498460066783938 0.000138143901765566
0.353785072842032 0.000183965647530808 0.645846796715133 0.000184164795304937
0.937636187255815 0.00011777611967634 0.0621283726380028 0.000117663986505608
0.888189447741307 9.4118564971536e-05 0.111622296394033 9.41372996883693e-05
0.666131839305332 0.000305058749964544 0.333257168127991 0.000305933816712688
0.961612631287761 0.000105599691472978 0.0381763511932623 0.000105417827503355
0.705875183988366 0.000146211595752696 0.293832597131225 0.000146007284656117
0.54734601694059 0.000108491679242092 0.452437454800664 0.000108036579503731
0.895495101421773 0.000128334852237705 0.104247913769492 0.000128649956497677
0.564594577345217 0.000120205842833042 0.435164627095602 0.000120589716347807
0.794015488725147 8.86685807196452e-05 0.20580710527355 8.87374205832824e-05
0.361960360812061 0.000176599385562134 0.637686351527194 0.000176688275182763
0.898667035008299 0.000141289756680981 0.101050771882844 0.000140903352175849
0.886950486549599 0.00010235758302156 0.112844331510507 0.000102824356872506
0.864957447167507 0.000101938612916786 0.134838591607091 0.000102022612485264
0.557219185875477 0.000157471491030575 0.442466064911998 0.000157277721493812
0.423658957027682 0.000128359223794203 0.576083803651107 0.000128880097416554
0.601047797824969 0.000166298288550208 0.398619926358738 0.000165977527742877
0.815374190565319 0.000127209619317206 0.18437115080283 0.000127449012533728
0.0047077137648453 0.413820608582851 0.0130022756864882 0.568469401965815
0.669063457658499 0.000126208800276536 0.330684369204413 0.000125964336811183
0.323654977335358 0.000953218195318444 0.673918398705375 0.0014734057639494
0.475516738361788 0.00014282571745647 0.523361043386078 0.000979392534678071
0.48553099251806 0.000157097391911306 0.514155939711838 0.000155970378190688
0.874874577263172 7.55077490469366e-05 0.124974151063247 7.57639245348418e-05
0.369515349672706 9.99467179656234e-05 0.630284854780153 9.98488291759268e-05
0.68309893658936 0.000186591362598549 0.316528154803086 0.000186317244955431
0.860829333019976 0.000117220824825314 0.138936076257434 0.000117369897764506
0.715337061951983 0.000174159688048271 0.284314294940441 0.000174483419526914
0.78540368383507 0.000152425312103042 0.214291654711896 0.000152236140930967
0.838040365771998 8.4600592744106e-05 0.161790391127956 8.46425073012502e-05
0.760963086494972 0.000199246974661998 0.2386383795167 0.000199287013666081
0.914477217195798 0.000187447509015862 0.0851481331839459 0.00018720211123997
0.179409192593269 0.170455630217715 0.270704722979313 0.379430454209703
0.49212839130106 0.000119231395943946 0.507632844946593 0.000119532356402776
0.314857887494943 0.000159513819178058 0.684823041567101 0.000159557118778527
0.600210876439619 0.000174685810870171 0.399437555504581 0.000176882244929413
0.561734303655998 0.000182025459876203 0.43790164461418 0.000182026269945982
0.715699817456037 0.000133077248070356 0.284033670894533 0.000133434401359992
0.883416029282301 0.000181673212290231 0.116166569298645 0.00023572820676341
0.790437940251373 0.000122719918785162 0.209316619043052 0.000122720786789746
0.480441591995041 0.000122365953868064 0.51931346660705 0.00012257544404059
0.889676488911489 0.000119676430814954 0.110084195020625 0.000119639637071316
0.936793705769102 8.86886989373696e-05 0.0630293662764151 8.82392555454135e-05
0.33330176663208 0.00016744135177348 0.666363368319178 0.000167423696968545
0.864766668095913 8.84945393818862e-05 0.1350568147398 8.80226249051692e-05
0.431302296449041 0.00149565350693316 0.44660114229199 0.120600907752036
0.951515340191632 6.18008332890395e-05 0.0483612810517893 6.15779232899967e-05
0.681640466973094 0.000118430061857676 0.318122748975489 0.000118353989559508
0.675666899964175 0.000139189832096649 0.324055032560516 0.000138877643212131
0.909383130566029 0.000136308221272366 0.0903444934928868 0.000136067719812245
0.513097027993116 0.000207203748425807 0.486488650571921 0.000207117686537091
0.69223143125517 0.000170944920792515 0.307426213041371 0.000171410782666591
0.829094456783548 0.000115537350077081 0.170674508567156 0.000115497299219272
0.468719710516089 0.000139508846315936 0.531001449739006 0.000139330898589218
0.687073519461476 0.000182085023898047 0.312562146406338 0.000182249108288144
0.655340446141579 0.000215352666410942 0.344228751602928 0.000215449589081813
0.470459257360054 0.000355383661653181 0.528829980611318 0.000355378366974976
0.844401113180565 8.63833412138945e-05 0.155425991721183 8.65117570380515e-05
0.812899491755318 0.000347503126270618 0.186405585400194 0.000347419718217929
0.556244814761782 0.000138724642575833 0.443477672175076 0.000138788420566012
0.816153478606551 0.00012114490641176 0.183604296738037 0.000121079749000048
0.777410898051698 0.000119327731928131 0.222350283001497 0.000119491214876764
0.178893800866094 0.00896681542416796 0.798400110049484 0.0137392736602542
0.373889119687483 0.000120243871756776 0.625870470886577 0.000120165554182888
0.778925967927879 0.000136367982714937 0.220801418690415 0.000136245398990426
0.41084661324337 0.000144298876965091 0.587879644648792 0.00112944323087276
0.942323046700803 8.06779985465528e-05 0.057515683561647 8.05917390037135e-05
0.686360369081036 0.000163313981443749 0.313312782884759 0.000163534052761587
0.7917034256873 9.7909525438832e-05 0.208100765071654 9.7899715607157e-05
0.813924636840209 0.000100767333808979 0.18587375381593 0.00010084201005156
0.548159970892139 0.000114636726853827 0.451610716995577 0.000114675385430179
0.249343416787231 0.00013056457165912 0.750256129421393 0.000269889219716632
0.15220981260738 0.000100524781707712 0.84758913069834 0.000100531912572259
0.622714287220731 0.000133256251323765 0.377019264025292 0.000133192502653441
0.982121316451824 5.36932194024299e-05 0.0177714284837328 5.35618450409691e-05
0.281225188387063 0.000127040158400184 0.718520765766921 0.000127005687615779
0.564672930583266 0.000133240302376053 0.435058961338268 0.000134867776089126
0.995227886292361 5.37647655719026e-05 0.00453206093457228 0.000186288007495221
0.712646919315434 0.000119589371200185 0.287113822300532 0.000119669012834339
0.626679924812046 0.000186152750070978 0.372947656752922 0.000186265684961332
0.400012666046463 0.00104177755037154 0.596415580434512 0.00252997596865386
0.902928150093551 9.55386545634432e-05 0.0968807060991608 9.56051527252108e-05
0.411329990056334 0.000148377594355246 0.588373597464902 0.000148034884409339
0.837840782649586 0.000100703149370351 0.161957720924663 0.000100793276380294
0.564341583745897 0.000116747331861563 0.435424577762693 0.00011709115954808
0.525788255697295 0.000193168512419954 0.473825337004998 0.0001932387852877
0.710258223835774 0.000175067247696425 0.286204328847984 0.0033623800685456
0.53110926702982 0.00017720551019585 0.468538061203588 0.00017546625639598
0.807440087949793 0.000125609781071121 0.192308539983194 0.000125762285941573
0.58233914230085 0.000153103654791295 0.41734699577044 0.000160758273918759
0.801833589751878 0.000132343942190391 0.197901832022329 0.000132234283602416
0.644678919204644 0.000168046676069592 0.354984835057339 0.00016819906194698
0.79627872581374 0.000170337014948147 0.203380376589326 0.000170560581985652
0.684674129212697 9.18719206196598e-05 0.315141733052842 9.22658138419755e-05
0.907242355821584 0.000128599394440969 0.0925004240552259 0.000128620728749098
0.459291360822683 0.000126220067853865 0.539772078562265 0.000810340547197962
0.865804602448218 0.000129167385289544 0.133937208965081 0.000129021201411257
0.722993398412715 0.000116318114555538 0.276773882368135 0.000116401104594449
0.728740765727939 0.000140088740403435 0.270979085945415 0.000140059586243041
0.909230436155286 0.000217052732686661 0.090335689746401 0.000216821365626349
0.869526663504978 0.000200505115324339 0.127917899471216 0.00235493190848242
0.515686839812257 0.000239726744983145 0.483833707180666 0.000239726262093311
0.651491325168293 0.000222938311358725 0.347341306811535 0.000944429708812718
0.702176782469961 0.000146785300528247 0.297190105816042 0.000486326413469115
0.717366326560846 0.000126947696336758 0.282379861715327 0.000126864027490835
0.86870346189801 7.91228591160567e-05 0.131138285414093 7.9129828780904e-05
0.746667871191202 0.000109662622169533 0.253112700159455 0.00010976602717336
0.537358952038669 0.000287492928403122 0.456468663704359 0.00588489132856867
0.389500985426428 0.000170482039990358 0.609671505042623 0.000657027490958222
0.72289226888313 0.000568280629287094 0.272439892908935 0.00409955757864786
0.741093173880643 8.61523268355686e-05 0.258734598706308 8.60750862142695e-05
0.371764837654131 0.000134944881686241 0.627965335695788 0.00013488176839449
0.474946221401765 0.000167274004708138 0.524718851311554 0.00016765328197237
0.547042814822595 0.000206823780289493 0.451269077037322 0.00148128435979345
0.783457648604083 0.000153357829856465 0.216235772964159 0.000153220601901755
0.668556241816162 9.98452682068997e-05 0.331243999838111 9.99130775204157e-05
0.822908506117063 0.000180938062441882 0.176730220045945 0.000180335774550256
0.430563086587678 0.000155302554780058 0.569126268626309 0.000155342231232364
0.660925425417956 0.000145198686524398 0.338783832483429 0.000145543412090802
0.577912597277601 0.000122997043988414 0.421840306424465 0.000124099253944792
0.969234882841681 6.44759686219199e-05 0.0306361233357723 6.45178539247701e-05
0.658652096848518 0.000290022241641561 0.338721042799734 0.00233683811010636
0.601408208597831 9.68184510244645e-05 0.398398205169491 9.67677816533169e-05
0.540304456781234 0.000137085750444575 0.459421238486734 0.0001372189815866
0.673150920207956 0.000194969316222139 0.326459221199073 0.000194889276749389
0.729933573511348 0.000181034329627564 0.269704749203556 0.000180642955468401
0.673526857864744 0.000117961482173163 0.326237181919812 0.000117998733270457
0.883509147922518 0.000118245116697404 0.11625434032845 0.000118266632334427
0.572436382325933 0.000209113630614365 0.427145363757228 0.000209140286224975
0.785057891541283 0.000152367786529056 0.214637085065807 0.000152655606381655
0.70567644145394 8.71497331203379e-05 0.294149263871567 8.71449413724632e-05
0.830184264231931 0.00023611654589124 0.169343186570376 0.000236432651802224
0.679243106293165 0.000142192631699614 0.320472475714226 0.000142225360909112
0.901864616407329 0.000145356056970744 0.0976151284352592 0.000374899100441318
0.899851024793076 0.000129631305636986 0.0998904644929374 0.00012887940834986
0.73549853151226 0.000108299772904376 0.264284938648171 0.00010823006666421
0.879096853844043 7.7715760824341e-05 0.120747885781209 7.75446139241247e-05
0.532998096727394 0.000121310759285705 0.466759212597573 0.00012137991574699
0.971371341807241 6.46533829033489e-05 0.0284993012037403 6.47036061151898e-05
0.514673038320269 0.000175001195787806 0.484976087967849 0.000175872516094995
0.209969158007412 0.000124432534420534 0.789781950656412 0.000124458801755561
0.95091134366309 7.60377688561298e-05 0.0489367476154455 7.58709526078855e-05
0.438057929044724 0.000149310321455178 0.561643581909632 0.000149178724188981
0.767750598118344 0.000142448857416776 0.231964607095553 0.00014234592868577
0.450753808594931 0.00017118413269624 0.548903769261741 0.000171238010631408
0.81008209312169 0.000211171395318084 0.189494980983898 0.000211754499094495
0.385622503778203 0.000141258529446561 0.613782756227191 0.00045348146515933
0.816259662546545 0.00012003758964921 0.183500224095656 0.000120075768149092
0.615426630726365 0.000114884790101148 0.384343518592534 0.000114965890999762
0.51639276895303 0.000154440123620303 0.483298453206031 0.000154337717318662
0.618271467096918 0.000176700234899008 0.381375400041377 0.00017643262680555
0.949861857384368 6.62495098249428e-05 0.0500056210813578 6.62720244496103e-05
0.403141758978657 0.000192516450236712 0.59647399195694 0.000191732614166157
0.178713750283919 8.83551522928661e-05 0.821109735615219 8.81589485687983e-05
0.330389096529358 0.00145756031556077 0.666996475234584 0.00115686792049716
0.503259969151421 0.000168263400362323 0.496384466002986 0.000187301445231088
0.484904864511471 0.000132563858988359 0.514829930414124 0.000132641215416533
0.915903980093471 0.000161060790377372 0.083774039712588 0.00016091940356364
0.965079095079546 7.26203275832751e-05 0.0347757077618174 7.25768310533498e-05
0.860430565380921 0.000133018776416374 0.139303270852859 0.000133144989803809
0.36898553436169 0.000103388641202995 0.630807683880034 0.000103393117072779
0.928656150587052 9.91584405705883e-05 0.0704570456554666 0.000787645316910632
0.529691312647694 0.000112813871772964 0.470082990526349 0.000112882954183665
0.361941905216252 0.000216604675590634 0.637078942745666 0.000762547362491182
0.835480744683543 0.000112583485919902 0.16429457768348 0.000112094147056635
0.495836813268342 0.000112451842286116 0.503938737885611 0.000111997003761058
0.61236414194905 0.000121496379188744 0.387392978677406 0.000121382994355624
0.775425262562436 0.000124832003980105 0.224325063331232 0.000124842102351191
0.862063646207093 7.59644790574192e-05 0.137784860776406 7.5528537443604e-05
0.921139917629723 9.38329347271457e-05 0.0786723269865523 9.39224489977631e-05
0.157378579498544 0.000183225845023354 0.839629128560786 0.00280906609564632
0.437600918391919 0.000202865641959014 0.561662136373994 0.000534079592127773
0.335758405768349 0.000184049930267331 0.663873401262259 0.000184143039125059
0.532747331449298 0.000133133041119593 0.466986571983303 0.00013296352627992
0.838176214260577 0.000216596982939358 0.161390601148734 0.000216587607750081
0.359358047160306 0.000187969420762294 0.640266103852374 0.000187879566558179
0.0666352860006618 0.000218318912379847 0.932130972259157 0.00101542282780126
0.271437032291091 0.000220096419289449 0.727568920636702 0.000773950652917684
0.78373171422755 0.000103672961701172 0.216060962568892 0.000103650241856405
0.0892416420218594 0.0119399564064833 0.860811292678343 0.0380071088933142
0.779672076090035 0.000118877264383862 0.220090439717595 0.00011860692798644
0.89222685066363 0.000103199869465444 0.107566682831724 0.000103266635180883
0.66487151621868 0.000126358972251881 0.334875719590233 0.0001264052188345
0.784746205591102 0.000199229875823955 0.214854714918458 0.000199849614616808
0.898760007455903 8.83757848106239e-05 0.101063489403928 8.81273553579754e-05
0.560601608106849 0.000277782189832766 0.437846475198429 0.00127413450488874
0.534267207268514 0.00018401579528615 0.465364581477012 0.000184195459187825
0.886623928728852 6.79526120649801e-05 0.113238670509032 6.94481500512007e-05
0.642465992486272 0.000165939183559745 0.357202405212515 0.000165663117652675
0.54707976425163 0.000224100152346699 0.452472227033897 0.000223908562126361
0.368908658380638 0.000122069630496353 0.630847160691489 0.000122111297376948
0.923830557741377 0.000111042247782776 0.0759474898836307 0.000110910127209448
0.891632047531801 0.000101781567141236 0.108164384350762 0.000101786550295466
0.93417271718359 9.56217276059172e-05 0.0656360510396819 9.56100491222694e-05
0.992133070900121 4.96349245931256e-05 0.00776765047714774 4.96436981384682e-05
0.731347668768262 8.99046678238595e-05 0.268472613733202 8.98128307125702e-05
0.95749482478131 0.00012334218460419 0.0422585025988898 0.00012333043519625
0.348561904743568 0.00024770705281156 0.648039216864527 0.00315117133909266
0.566702306531079 0.000148940728704159 0.43300030724707 0.000148445493146874
0.955779073618586 8.77797827231644e-05 0.0440454084997052 8.77380989854752e-05
0.624271941122594 0.000212356421637062 0.375303327032887 0.000212375422881783
0.627031770174105 0.000115404991116709 0.372737453387075 0.000115371447702616
0.0566222697525881 0.0112014057637557 0.919418117632877 0.0127582068507788
0.895998047641225 0.000154578691747176 0.103692779886828 0.000154593780199361
0.542967361771026 0.000148640991779339 0.456735134289854 0.000148862947340484
0.591071563435537 0.000352666313761967 0.408223070011994 0.000352700238707082
0.825788550270123 0.000131135156336934 0.173949189397545 0.000131125175994622
0.205752397815627 0.00100988460021906 0.783323711427142 0.00991400615701205
0.821330353868775 9.1923602515512e-05 0.177994471655765 0.000583250872944055
0.38201131047592 0.000138382011783134 0.617711811381514 0.000138496130782874
0.891959905025786 0.000101208195536658 0.107837770539863 0.000101116238814031
0.711383347620166 0.000137105949667098 0.288342604154052 0.0001369422761145
0.89504556665324 9.54115158944257e-05 0.103768393270009 0.00109062856085696
0.756145086567942 0.000120239688972386 0.243614930407193 0.000119743335892911
0.981910034979226 4.53709695121603e-05 0.0179810347828316 6.35592684298448e-05
0.841909938278838 9.64249725565386e-05 0.1578972708942 9.63658544050303e-05
0.987463015263926 6.29228609373596e-05 0.0124111404793518 6.29213957843631e-05
0.867989272643543 0.00016616424618891 0.131678226003467 0.000166337106801257
0.0623455716043003 0.00200264269140306 0.930311994947071 0.00533979075722601
0.816003107730323 0.000150385730429489 0.18369598906756 0.000150517471686798
0.889984251739579 0.000103167483649963 0.109809362822812 0.000103217953958861
0.680314676373146 0.000139794588580518 0.319405877446129 0.000139651592144058
0.758601589925214 0.000125687070388544 0.241146887776049 0.000125835228348297
0.334856635069577 0.000161756274486658 0.664819645457604 0.000161963198332016
0.590635758945944 9.48741009813845e-05 0.409174421401706 9.49455513686718e-05
0.504150233601899 0.000255594493175181 0.494693334496392 0.000900837408534571
0.646011423712506 9.90891272959134e-05 0.353790497698607 9.89894615915774e-05
0.198054367558267 0.00017041660550877 0.801604906264178 0.000170309572046085
0.611094648207377 0.000170173972883565 0.388565323939333 0.00016985388040637
0.734733157222444 0.000145652526382455 0.264975401380552 0.00014578887062161
0.545176667245092 0.000190451900217023 0.454442712770055 0.000190168084636354
0.63334270892562 0.000198745599267345 0.365904213812861 0.000554331662251526
0.152592815557548 0.00105563879639441 0.838038700861115 0.00831284478494253
0.519286639964725 0.000160519895952 0.480392449595936 0.000160390543387554
0.585819955321942 0.000185684299440074 0.413808875729566 0.000185484649051991
0.417821617922606 0.000166276855913537 0.581846104261325 0.000166000960155553
0.857208984232979 0.000139397651257541 0.142513193172924 0.00013842494283902
0.827508653020909 0.000119995996513222 0.172251339611647 0.000120011370930423
0.901828510166114 8.95677776577445e-05 0.0979920673398778 8.98547163501869e-05
0.830913512117273 0.00014509368052128 0.168795788530482 0.000145605671722785
0.705614088563851 0.000156060886934954 0.294073839979393 0.000156010569820498
0.809716140611179 0.000186050675983867 0.189907924488975 0.000189884223861388
0.334476504090523 0.0100682798979794 0.623095883195279 0.0323593328162191
0.800519359072294 0.00010921597777051 0.199262556749255 0.00010886820068026
0.832579238576856 0.000120120794401729 0.167179938343237 0.00012070228550512
0.738570808408184 0.000138214956318383 0.261152645529558 0.000138331105938898
0.588493014293443 0.000178347429123374 0.411150412865033 0.000178225412400245
0.827573948279495 0.000188608474474325 0.172048809369762 0.000188633876268522
0.922273344042883 0.000113639096307549 0.0774994369498379 0.000113579910971342
0.630842048400324 0.000139811772276527 0.368878108464901 0.000140031362498851
0.620371095540498 0.000120071486404804 0.379388559872228 0.000120273100868812
0.38228081303094 0.00963610964558634 0.578554255884172 0.0295288214393015
0.817951563555058 9.30509214157134e-05 0.18186231840137 9.30671221555352e-05
0.424827741324296 0.000110174453354431 0.574952027468479 0.000110056753871087
0.961198523321017 5.07821613484021e-05 0.038699566004571 5.11285130637105e-05
0.685540555478721 0.000141034634064152 0.314177366116197 0.000141043771017847
0.511869970973915 6.83854992061489e-05 0.487993577289079 6.80662378002809e-05
0.698109497820553 0.000198635432817561 0.30149332448014 0.000198542266489637
0.808240885407916 0.000150682089690942 0.191457792334486 0.000150640167907184
0.63196277691792 0.000126592004888705 0.367784319649809 0.000126311427382588
0.931918312282482 9.02552460528248e-05 0.0679011424975689 9.02899738960779e-05
0.443312599025355 0.0001517536710706 0.556383869758072 0.000151777545502126
0.230401482704238 0.000115667982338555 0.769365486313281 0.000117363000142667
0.205799488148002 0.000114315515674121 0.793971700822229 0.00011449551409476
0.984884412672857 7.78489377198772e-05 0.0149598860440198 7.78523454030302e-05
0.658766673315867 0.000125358542165228 0.340983183962577 0.000124784179390901
0.406944875129619 0.000209752798012612 0.589490584315115 0.00335478775725282
0.819076264405655 0.000154022868892517 0.180615275988976 0.000154436736476418
0.679068439634919 0.000154709676809958 0.320622347671045 0.000154503017226043
0.994523831750638 3.75344730591425e-05 0.00540059744761979 3.80363286827244e-05
0.847048997096454 0.00010488633948472 0.15274087437714 0.000105242186920748
0.529164705517813 0.000122633075325528 0.470590014577753 0.000122646829108203
0.832764362962126 0.000113749740920452 0.167008766170216 0.000113121126737644
0.561260063873377 0.000193989426028694 0.43835202611231 0.000193920588284698
0.837435982223842 0.000114534225324426 0.162334930332449 0.000114553218384653
0.126302792880628 0.000147504246916503 0.872928874108317 0.000620828764138542
0.849712468851664 0.00014637082062855 0.149994516891156 0.000146643436551495
0.599355104396975 0.000135816675492742 0.400373145277387 0.000135933650144666
0.83483533651012 0.000101154542733272 0.164963455078838 0.000100053868309325
0.695470427074491 0.00011764821869173 0.304293996566772 0.000117928140045188
0.90907837501642 5.89584443078594e-05 0.0908030045393344 5.96619999378197e-05
0.61718338512445 0.000388707260177383 0.378048430460199 0.00437947715517316
0.578816992366017 0.000107120769329862 0.420968369897659 0.000107516966994828
0.712109437667291 0.000143800919415771 0.287603060794833 0.000143700618460483
0.820992748643851 0.000155820590693325 0.178696048530014 0.000155382235441666
0.612333237788798 0.000216843747762992 0.38723340706043 0.000216511403008757
0.64830349774995 9.72266516152724e-05 0.351501683211199 9.7592387235844e-05
0.503966498676377 0.000124138646598434 0.495785493295658 0.000123869381367035
0.35740637705941 0.000182001767868851 0.642229644965445 0.000181976207276497
0.364720839362261 0.000918016322422975 0.629429943737862 0.0049312005774534
0.287298426610542 0.00011381882249878 0.712473784376814 0.000113970190145188
0.909605600478403 0.000123595337212059 0.0889769615648857 0.00129384261949896
0.708688988434005 0.000130233726776933 0.29105031536373 0.00013046247548832
0.818931428490647 0.000132056604186451 0.180805120443113 0.000131394462052592
0.352349871497256 0.000301347608413583 0.645014522940232 0.00233425795409819
