0.00026777149672891 0.515529475505815 0.00350994770469838 0.480692805292758
9.5827879594534e-05 0.0582144339050682 9.62735762830404e-05 0.941593464639054
0.000131596343433118 0.595396365329903 0.000131688461566666 0.404340349865097
0.00015932048968016 0.542270236219551 0.00181829625749943 0.455752147033269
0.00101418141700143 0.692311763538602 0.00316879838722637 0.30350525665717
0.000152343575965493 0.351126090637217 0.00124257842889801 0.64747898735792
0.000126481465356698 0.204225113382397 0.00012639207552037 0.795522013076726
0.000183200996422381 0.317773631198237 0.000182172546725023 0.681860995258615
0.000183416338662081 0.735506660945611 0.000860939700061887 0.263448983015665
0.000126050222440721 0.691485108587635 0.000125623541694679 0.308263217648229
0.000234147079761581 0.335454890190636 0.00803427742920644 0.656276685300396
0.000170250483133213 0.418296438241385 0.00336573636929505 0.578167574906187
0.000160817895504035 0.30530940119444 0.00105515384471397 0.693474627065342
0.000279744623436857 0.215211377236075 0.00592477174049296 0.778584106399995
0.000206535505941404 0.0539328100436662 0.00176072899032582 0.944099925460066
0.000171644458368679 0.613978146710129 0.00104742486058336 0.384802783970919
0.000177220630067064 0.035921043791018 0.000217730932014049 0.963684004646901
0.000163588499115217 0.645404941287311 0.000163551031786926 0.354267919181787
0.000152829459841332 0.457645902943848 0.000152761703500537 0.542048505892811
0.000196122160620658 0.314463167323964 0.000196390341383387 0.685144320174032
0.000197580557463661 0.439932636889492 0.000427049274382423 0.559442733278662
0.000329174054915208 0.720129929045296 0.00223527663276981 0.277305620267019
0.000208200263615302 0.353514986913998 0.00108111744152399 0.645195695380863
0.000195422521882191 0.596294382603611 0.000195183414898037 0.403315011459609
0.000189794558465594 0.497041781418832 0.00101075876130973 0.501757665261393
0.000246509718579023 0.407389018193207 0.00118971227709774 0.591174759811116
0.00127513059278172 0.829710725975299 0.00686824024193215 0.162145903189987
0.00033378079034179 0.304067381396495 0.00154937973225768 0.694049458080906
0.00119589343569519 0.389655885376695 0.00472283669433504 0.604425384493275
0.000349731085291874 0.517238677570643 0.00046148558963324 0.481950105754432
0.000216330415509615 0.62390508921962 0.00257154835100399 0.373307032013866
0.000177489741831956 0.360483889764437 0.00017784006266476 0.639160780431067
0.000226830550593459 0.198652984106106 0.0025940626796783 0.798526122663622
0.00019988247299069 0.153082646244397 0.000199849499713154 0.8465176217829
0.000308812212203806 0.00489574620597219 0.000302968638440839 0.994492472943383
0.000421430690176312 0.265986973475466 0.0266449536899437 0.706946642144414
0.00068576877095142 0.326664368168344 0.00559065070455891 0.667059212356145
0.000220670037918267 0.353886651810584 0.00142372521806826 0.644468952933429
0.000197422386195459 0.553674660234098 0.0014152531441143 0.444712664235593
0.00537401580131319 0.456591045357492 0.0175667807010066 0.520468158140188
0.000235875462852912 0.567753448096635 0.00280746949867547 0.429203206941837
0.0118954188631202 0.342993718674414 0.0426504532167718 0.602460409245694
0.000184154804922352 0.550291602359111 0.00114177598436187 0.448382466851605
0.000196151398066519 0.526095381062357 0.00569508442130772 0.468013383118269
0.00219692441072968 0.453945683504409 0.246703972692873 0.297153419391989
0.00041766453760947 0.321008643777907 0.0653728451902023 0.613200846494281
0.000133101306583065 0.220210013731633 0.00110659390890817 0.778550291052876
4.32164515748765e-05 0.000616515225640727 6.51360130543362e-05 0.99927513230973
0.000206292848993238 0.625083794038462 0.00643233043340322 0.368277582679142
0.000692441778926226 0.081090973947667 0.000712388958296287 0.917504195315111
4.33508547711004e-05 0.000477256876709737 4.33513345636999e-05 0.999436040933956
7.09979277669378e-05 7.09924641155457e-05 7.09982170942966e-05 0.999787011391023
0.000307464393436647 0.255152011359885 0.0687307887915076 0.67580973545517
4.05838059847243e-05 0.0157117639044134 4.06962922047809e-05 0.984206955997397
0.000165824287655724 0.59313435851003 0.000165474675906231 0.406534342526408
0.00184072061938542 0.398584424437545 0.00916648020436097 0.590408374738708
0.000223430454001692 0.511778580425689 0.00317814161022468 0.484819847510085
0.000149285845273808 0.359982192010586 0.000238136274824525 0.639630385869316
0.000144255914664622 0.0993427953001182 0.000144040376900916 0.900368908408316
0.0023517724807859 0.498347962300889 0.00280296088983045 0.496497304328494
0.00021027071515634 0.559865009928232 0.00816644368181383 0.431758275674798
0.000309311339610548 0.252056361801179 0.000174958711682711 0.747459368147528
0.000593220690182167 0.328882815762199 0.000741902396805969 0.669782061150813
0.000450497073488109 0.679705297778116 0.00138268260892502 0.318461522539471
0.0096167377299707 0.200209517358863 0.0023504569311065 0.78782328798006
0.000146645300541396 0.201970865913977 0.000248361395093233 0.797634127390388
0.000164999897803843 0.234064068294053 0.0014581826091572 0.764312749198986
0.000280165163174913 0.574110161929938 0.00146203859895 0.424147634307937
0.000163482995461863 0.376071425694311 0.000539088167128178 0.623226003143099
0.000194186982105919 0.533687684344231 0.00329620430453064 0.462821924369132
0.00113925975358469 0.457563571877953 0.00338477276676486 0.537912395601697
0.000553668087421311 0.213495041652631 0.010313322834965 0.775637967424982
0.000195321790681754 0.649890039564601 0.00505121014778478 0.344863428496932
0.000176226705960957 0.609477187705 0.00140851355349286 0.388938072035546
0.000107771971656638 0.00204346230822442 0.000107764803913311 0.997741000916206
0.000296163699235831 0.0184489701114227 0.00476589915151649 0.976488967037825
0.000178183398891113 0.688429106965308 0.00109565160761992 0.310297058028181
3.37534891239556e-05 0.00082725531403196 3.37731007729033e-05 0.999105218096071
0.0103638435734131 0.484941736555646 0.0192278796586965 0.485466540212244
0.000220621756098138 0.277990806134867 0.00160439288982503 0.720184179219209
9.67228228533865e-05 0.00668972441474318 9.74283723039316e-05 0.993116124390099
0.000177579882894993 0.544504288762661 0.000991914347940214 0.454326217006504
0.000218438999618963 0.662027168230442 0.000555875823660105 0.337198516946279
0.000233393485281332 0.445359001250202 0.00228964749323442 0.552117957771282
0.000212421622585197 0.505853551297285 0.00141081245275806 0.492523214627372
0.00019001953307348 0.530176509868034 0.000560441020646294 0.469073029578246
0.000161321472798145 0.486188822572856 0.00016114636637192 0.513488709587974
0.000567513352270226 0.608581173292266 0.00889912406585734 0.381952189289606
7.43876391157043e-05 0.00168486907015089 7.43803619698497e-05 0.998166362928764
0.00043660823743486 0.686898971823453 0.000881680157693186 0.311782739781419
0.000275739129001556 0.4281045301777 0.00153072026087281 0.570089010432426
0.000179690806149486 0.317974021125547 0.000178642245555365 0.681667645822748
0.00053754009602312 0.194144639088657 0.00323364926486456 0.802084171550455
0.000758296698192302 0.542846091129998 0.00571735013626822 0.450678262035542
9.47533228985518e-05 0.00151551058510769 0.000216310896673646 0.99817342519532
0.000175083652161322 0.531802293705766 0.000746786487528629 0.467275836154544
0.00224334441208494 0.533082348760964 0.00438906037000747 0.460285246456944
0.000169700810784547 0.553926140138812 0.00309207681364674 0.442812082236757
0.000114209121846714 0.563698355302567 0.000197357464657943 0.435990078110928
0.00122280159867835 0.385319506643219 0.0344721811466344 0.578985510611468
0.000203883638442326 0.621846596389367 0.00594383677394137 0.372005683198249
0.000890688386285706 0.380639539379241 0.00106982821121759 0.617399944023256
0.000260849933590313 0.449898188852493 0.00504148388709276 0.544799477326824
0.000211799680313299 0.322213834833258 0.00383257203929454 0.673741793447134
0.000853393738509044 0.639052190802988 0.0013323449757742 0.358762070482729
0.000862776584576107 0.447958661929588 0.00426217837909645 0.54691638310674
0.000202441429141873 0.372892815126777 0.00259296409797454 0.624311779346107
0.000184723169255109 0.362711349575492 0.000184062329331128 0.636919864925922
0.00256372609987604 0.588556688016311 0.00310519771253133 0.405774388171282
3.8924904594004e-05 0.00152056068443307 0.000100037204134416 0.998340477206838
0.000431189452450239 0.292321248605472 0.0105837415063726 0.696663820435705
0.00110408281159783 0.473074914826607 0.00356564411345268 0.522255358248343
0.000196950755988792 0.397639846815986 0.00345370865869871 0.598709493769326
0.00115228394505232 0.639436119128108 0.00424371375960927 0.35516788316723
0.00015695308030344 0.0761566356998134 0.000713406228824359 0.922973004991059
0.000346854965480978 0.575775563477697 0.000853742916004253 0.423023838640818
0.00286462048917578 0.472331219601387 0.00185340857389596 0.522950751335542
0.000169438150041406 0.431342204555916 0.000169210373793119 0.568319146920249
0.000192612079789971 0.58691785798798 0.00146709863441208 0.411422431297818
0.000158661149564718 0.577070863225702 0.000158366119136047 0.422612109505597
0.000168154843495366 0.639706600110741 0.000445220599862044 0.359680024445902
0.000210808637900852 0.585729015459493 0.00378492090532713 0.410275254997279
0.000183190881600865 0.575823206784472 0.0025968871971814 0.421396715136746
0.0595292049092504 0.127861353159848 0.0710904632022595 0.741518978728642
0.000163934341795575 0.297953917712526 0.000281126662100367 0.701601021283578
0.000629347046014154 0.576267062244452 0.00384202908880636 0.419261561620727
0.0039520457775467 0.513564417697372 0.00159628982144909 0.480887246703632
0.000211684138159238 0.43648849899974 0.00152907302660041 0.561770743835501
0.000435439185367072 0.684277029693613 0.000870946954842309 0.314416584166178
0.000203433004588958 0.449318666283291 0.000751129343685093 0.549726771368435
0.00101951295884892 0.240909367944448 0.000329569809291701 0.757741549287412
0.000181834795149171 0.651474702932245 0.000434039945168489 0.347909422327437
0.000179980086768254 0.673252236341468 0.000454563749967337 0.326113219821797
7.91545399482441e-05 0.00371956912155252 0.00011190782732099 0.996089368511178
0.000160884502140165 0.619947219127835 0.000854288185135991 0.379037608184889
0.00023957908743825 0.603877758495913 0.00168496905574443 0.394197693360905
0.000164218090933426 0.530035651337779 0.000163827358400679 0.469636303212886
0.000223395614829773 0.681912085971524 0.0038766434146984 0.313987874998948
0.000213469313944005 0.468977827673314 0.00229036756638149 0.52851833544636
0.000102372406621583 0.511099423406243 0.000102234280979218 0.488695969906156
0.000178815713543459 0.822846464370596 0.000178816162662524 0.176795903753198
0.000201176770816069 0.55108089342487 0.0023373839032554 0.446380545901059
0.000224714270640244 0.684518077986347 0.0133755890208574 0.301881618722155
0.000186986101147874 0.471352476148033 0.000773454578345867 0.527687083172473
0.000352673426388715 0.810281554298666 0.00598825301809618 0.183377519256849
0.00163006010834878 0.250844184568606 0.0102581956680621 0.737267559654983
0.000177713040689881 0.380360203406411 0.000177683441055452 0.619284400111844
5.00950835296311e-05 0.00152780731874804 5.00914226315261e-05 0.998372006175091
0.0032776059852909 0.279390093262284 0.0151366164664888 0.702195684285937
0.000170129217315992 0.211955798398838 0.000169982486061912 0.787704089897784
0.000191842486148486 0.168123300987908 0.000191993296329078 0.831492863229614
0.000161598002571534 0.365987529841425 0.000536369149393952 0.63331450300661
0.000124894482140383 0.700329310751345 0.00012481368123953 0.299420981085275
0.00299656307839905 0.582444921032894 0.0131214963185624 0.401437019570144
0.000198597401486667 0.60575325360155 0.00146634344730858 0.392581805549655
0.000220381743092457 0.471675338736759 0.00159441455648258 0.526509864963666
0.000185700807726167 0.639026228298931 0.00281171907530704 0.357976351818036
0.000188192204181921 0.238965204409501 0.00039812359988548 0.760448479786431
0.00186835877664671 0.448616953832576 0.000988488636062691 0.548526198754715
0.000195465027387315 0.614707285467943 0.00109684912092961 0.38400040038374
0.00359180242888777 0.417196277792831 0.00388896212410085 0.57532295765418
0.00249355399352393 0.627621635839225 0.0311640016197891 0.338720808547462
0.0413018924593306 0.496904872766072 0.078033786023455 0.383759448751142
0.000165771415635587 0.588192998026031 0.000165818123487381 0.411475412434846
0.00022451644591287 0.640731904688414 0.00311249978716529 0.355931079078508
0.000452565842299509 0.124560798151749 0.0945322600892789 0.780454375916672
0.000173733946103455 0.497725161014126 0.00161812968239477 0.500482975357376
7.59027287687737e-05 0.000503001285628719 7.59162207817164e-05 0.999345179764821
0.000186804170385091 0.652162438746568 0.000827580014285589 0.346823177068762
8.4273913078126e-05 0.00267266696710336 8.42850767419528e-05 0.997158774043077
0.00184092195446099 0.543229248208847 0.00456173822202559 0.450368091614667
0.000203776778229881 0.332641910019463 0.000203888042049065 0.666950425160258
0.000135291298538636 0.67622850207118 0.00013526019959396 0.323500946430687
0.000786330947013561 0.622132776639945 0.000692914863258727 0.376387977549783
0.000207293282867622 0.821783183631484 0.00384070895780225 0.174168814127846
0.000191054947451277 0.308520305099899 0.000190810439657254 0.691097829512992
0.000641462599061275 0.000132621629949692 0.000969342578352892 0.998256573192636
0.000147452153463209 0.682876156644238 0.000147188434006438 0.316829202768292
0.000176777777986095 0.0444393915564411 0.000176522111206071 0.955207308554367
0.0020356196197528 0.596683902986089 0.0047004447654914 0.396580032628667
0.000232536917966982 0.570511646189301 0.00444687169848995 0.424808945194242
0.00149934231973064 0.313990782496594 0.0168057426231397 0.667704132560536
0.000139133654740271 0.666425571254351 0.000643788953593835 0.332791506137315
0.00019613852663057 0.252070568342004 0.00089401454765636 0.746839278583709
0.000159423666862444 0.561055447187402 0.00226101472141191 0.436524114424324
0.000170561902623747 0.500425599886823 0.0017404735501784 0.497663364660375
0.000247952289307904 0.663267215938119 0.00319157823890291 0.333293253533671
0.000356522502560792 0.607907803650403 0.002908842462952 0.388826831384085
0.00230638001602676 0.572895455091083 0.00310366675218127 0.421694498140709
0.000322822682893714 0.523119663775939 0.000864462135683736 0.475693051405483
0.000199923614683012 0.656685956147535 0.00091159184696235 0.342202528390819
0.000771325529707803 0.707967490896578 0.0012385872622882 0.290022596311426
0.00016392089951184 0.554078519484386 0.000163966746584661 0.445593592869517
0.00225956325860085 0.175185292755318 0.0111989960005126 0.811356147985568
0.00133758974585926 0.257908382601823 0.000681804013796407 0.740072223638521
0.000216654894336454 0.541683280221437 0.00131290419690038 0.456787160687326
0.000883330513944219 0.582098802240559 0.00841463514773982 0.408603232097757
0.00308357108364803 0.677919766664529 0.00225105198441966 0.316745610267403
0.000172958325915816 0.635429173140306 0.00017309104953386 0.364224777484244
0.000125942546497665 0.00899498199336022 0.0002225100497094 0.990656565410433
0.000224268357018236 0.357612151274895 0.0437448904989721 0.598418689869115
0.000177757440979791 0.749991658348744 0.00336174757992936 0.246468836630347
0.000185225134119246 0.712748118488216 0.000416864372528726 0.286649792005136
0.000675903182258582 0.639065919877874 0.000189956871869711 0.360068220067997
0.000199439967989715 0.215783098269252 0.00119332399730101 0.782824137765457
0.000232170150406077 0.317173480106698 0.00145182525419273 0.681142524488703
0.000172207660741532 0.447935860675539 0.00046616051248708 0.551425771151232
0.00110061827816892 0.702372005696424 0.00138605599036521 0.295141320035041
0.000110112841506986 0.000951058997219176 0.000170384204666834 0.998768443956607
0.000169009867015554 0.520550240043005 0.000229410097338073 0.479051339992642
0.00015477063911857 0.443831000462111 0.000710477364272907 0.555303751534497
7.91380805411774e-05 0.00303961190228358 0.000112296519082395 0.996768953498093
9.95590736201917e-05 0.545524112912195 9.95826097589621e-05 0.454276745404426
0.000130508076511774 0.432102675592489 0.00162972694882573 0.566137089382174
0.0013261299684651 0.606469837970885 0.0154543077190211 0.376749724341629
0.000244970777816988 0.798250910335744 0.00686283048049395 0.194641288405946
0.000196385170162286 0.13230123884891 0.000735502906568983 0.866766873074359
0.131351496129483 0.276478848217369 0.502669165139216 0.0895004905139325
0.00019956609049253 0.443932809775979 0.0011419451568041 0.554725678976725
0.00123132872616575 0.347756133737119 0.0078809640291479 0.643131573507568
0.000178281282887654 0.491791999415947 0.000988880545604223 0.507040838755561
0.000206939922312751 0.485386449805939 0.000207066733779434 0.514199543537969
0.000607649433010891 0.286784684828941 0.00536737145635609 0.707240294281692
0.000912782990720171 0.350380778675276 0.249434620643166 0.399271817690837
0.0022566975885583 0.329690940658135 0.0015723136797533 0.666480048073553
0.000204075679327017 0.688494690061508 0.00342352153053569 0.30787771272863
0.000145300069721782 0.291990015836671 0.00118414175267592 0.706680542340931
0.000368094700541937 0.538588152543144 0.00573606225931712 0.455307690496997
0.000121068032010881 0.511211290039392 0.000505603389551715 0.488162038539046
0.000647923962969324 0.624352013308925 0.00122976965090251 0.373770293077203
0.00017164327939863 0.728025167379057 0.00202241384500508 0.269780775496539
0.000622188305822322 0.302873616565984 0.00105940360744974 0.695444791520744
0.000178632248352706 0.51167264448212 0.00903225772560275 0.479116465543924
0.000176235076844484 0.605764354522433 0.000577647809524412 0.393481762591198
6.50162309822518e-05 6.50162934178801e-05 6.50164475302214e-05 0.99980495102807
0.000168929186636163 0.644258655746383 0.000169008056545686 0.355403407010435
0.000161147824757995 0.584105511388097 0.000843983419562101 0.414889357367583
0.00019384085022211 0.340783397137484 0.000193878208904328 0.658828883803389
0.000213788526648309 0.602333461761664 0.00161868927019093 0.395834060441496
0.000284638025669858 0.15036718322204 0.000284566811082126 0.849063611941208
0.000222490325795537 0.338840347735501 0.000879143905760869 0.660058018032943
0.000319884460933455 0.571338109305924 0.00694947851959871 0.421392527713544
0.000185848174866422 0.654069666633376 0.00237368297910779 0.34337080221265
0.000309679685039057 0.728261097158585 0.00135508955911243 0.270074133597264
0.000186797731827568 0.313990262371568 0.00338521561330227 0.682437724283302
0.00168194239969699 0.370481290534738 0.0024340452582347 0.625402721807331
0.000208766530089306 0.393729060339737 0.000893256555543254 0.60516891657463
0.000183355998768753 0.638457004728051 0.000901081384337407 0.360458557888843
0.000463801947960814 0.519399987958736 0.00119116834908857 0.478945041744215
0.000579060242342606 0.725552008592896 0.00885938920461834 0.265009541960143
0.000418874082705308 0.303099657896921 0.00167742577667428 0.6948040422437
0.000171017937832128 0.332407557941401 0.00017116944717353 0.667250254673593
0.000102821562844468 0.15295644482202 0.000586196028997899 0.846354537586138
0.000870545646306717 0.321159861156481 0.00244442290604546 0.675525170291166
0.000171831219661551 0.766240027400527 0.00174626215396814 0.231841879225844
0.000239871724777963 0.147704736204496 0.0147444423270815 0.837310949743644
0.000155851405114423 0.265711438323902 0.0139400450734618 0.720192665197522
0.000156773264405871 0.649427742070389 0.0035306903743881 0.346884794290817
0.00163798132103475 0.5634987696281 0.0108323210769641 0.424030927973901
0.00244748380487557 0.611396078591872 0.00589949335665288 0.3802569442466
0.000228535214224213 0.47438391746469 0.00695317910832003 0.518434368212765
0.00182675938380116 0.497402161296985 0.00757436279941918 0.493196716519795
0.000246099212008906 0.519806843519443 0.000402057730249893 0.479544999538298
0.000209054897235379 0.480069469850168 0.00150431136198685 0.51821716389061
0.000190138459738685 0.392494196564459 0.00120475841080203 0.606110906565001
0.000115211562681923 0.124927974654129 0.000560627047105884 0.874396186736084
0.000224894731967415 0.596094777090902 0.000349948165456196 0.403330380011675
0.000182817591230406 0.719284212168287 0.00100601382066876 0.279526956419814
0.000159229314503331 0.624145829134434 0.000159222666309158 0.375535718884754
0.000661835303708087 0.779962961590458 0.00463939756373697 0.214735805542097
0.000410503226357298 0.268066375027396 0.000576716772704916 0.730946404973541
0.000163139948667746 0.452777837989132 0.0030836503771976 0.543975371685003
0.000377527941030762 0.157566660130744 0.00319136878243836 0.838864443145787
0.00482904073583044 0.458818031713966 0.00339541139096017 0.532957516159243
0.00010688093645565 0.102036642424449 0.000106892128423533 0.897749584510672
0.000184077816006976 0.0931646444651468 0.00106691694479177 0.905584360774054
6.41109831601538e-05 0.000777218660501159 0.00015058528360102 0.999008085072738
9.38229226676525e-05 0.000608206821009936 9.38188226265337e-05 0.999204151433696
0.000794534681809854 0.451270028241268 0.000978626158083194 0.546956810918839
0.000197307455852875 0.553845395191876 0.00641718208856009 0.439540115263711
0.000201090645080499 0.539328398159517 0.000921576450124326 0.459548934745279
0.00112836578571466 0.757725793892866 0.0029366666551572 0.238209173666262
0.000402733892025969 0.352083115344001 0.0653376681288813 0.582176482635092
0.000115953292877377 0.00167279854526856 0.000134418541835576 0.998076829620019
0.000151842154285232 0.606584997013601 0.000155849446056647 0.393107311386057
0.000747480679056158 0.650590159014042 0.000633679299083235 0.348028681007818
0.000175658373044418 0.491901621658481 0.0015451982307074 0.506377521737767
0.000828202984296323 0.658236661906203 0.00829614425533686 0.332638990854164
0.00112335441032508 0.762896798209333 0.00275442506733668 0.233225422313005
0.000121468908251803 0.0159996131690218 0.000147452322650169 0.983731465600076
3.43643216884308e-05 0.00128135553862501 8.56877531937294e-05 0.998598592386493
0.000390469126313799 0.689565616823064 0.00458194207635632 0.305461971974265
0.00331302261868826 0.52167669425373 0.00771863791350105 0.467291645214081
0.00138940470279524 0.582320827836954 0.00122321424542578 0.415066553214825
0.00016231665370564 0.104819032724091 0.000501970035623112 0.894516680586581
0.000113884726360736 0.548052882278834 0.000153827976415526 0.451679405018389
0.000182163460404106 0.344538722739272 0.00148516256179901 0.653793951238525
0.000178007869187509 0.448447770840126 0.00306455786658618 0.5483096634241
0.00633626021839389 0.167332102073133 0.00568659972650057 0.820645037981972
0.000206821253806325 0.286721833076148 0.000474146510445057 0.712597199159601
0.000124119550605863 0.0307627523640828 0.000124335990571411 0.96898879209474
0.000195209218814005 0.516637327060899 0.00102421658316941 0.482143247137118
0.00171004335087871 0.518541933767969 0.00564051872479606 0.474107504156356
5.30230695636403e-05 0.000904912294576698 5.30281752473729e-05 0.998989036460612
0.00016008275393076 0.287791552534011 0.000800266270417311 0.711248098441641
0.0001519613154889 0.410891959384956 0.000690598840354853 0.5882654804592
0.000171766184826099 0.631894841310826 0.00017145371037973 0.367761938793968
0.00316244003509468 0.38784901811494 0.00298593588489554 0.60600260596507
9.82267840443773e-05 0.19481755174992 0.00104378053628368 0.804040440929752
0.00140726089823618 0.469297234475421 0.00995139893770532 0.519344105688637
0.000101386628338816 0.0427856854447115 0.000217367200464469 0.956895560726485
0.00181438860135335 0.225218534206575 0.00259598795091215 0.77037108924116
0.000193684141227943 0.479086903494666 0.0027054074163069 0.518014004947799
0.000161399146635264 0.651762184118891 0.000735728938589141 0.347340687795885
0.000119493743728651 0.0135597187498274 0.000207494203387729 0.986113293303056
0.000234218047509452 0.305781769604208 0.00100159549076623 0.692982416857516
0.000172041261152695 0.668004733712824 0.00184454390658317 0.32997868111944
0.000194147079902932 0.443856232280808 0.00204783274022932 0.55390178789906
0.000212440857915103 0.617842818194618 0.000541757486150176 0.381402983461317
0.00590142875309283 0.746002280437953 0.00450765757979733 0.243588633229156
0.000568979789477567 0.497215336405322 0.000199880507658183 0.502015803297542
0.000283650805074216 0.256085832728562 0.00581024671447088 0.737820269751893
0.726657166133911 0.000192054160346384 0.272958828147111 0.000191951558632046
0.00148930887541342 0.7327706556482 0.00505160765198202 0.260688427824405
0.000217276304655488 0.315848681580373 0.000514950252702942 0.683419091862268
0.000182321841550054 0.349213428471078 0.000181547853994226 0.650422701833377
0.000199658966298172 0.59682576250103 0.00165638387370691 0.401318194658964
0.000155184609665515 0.424657394223124 0.000342955706658943 0.574844465460551
0.000207862451990969 0.40242228610448 0.000838948432385275 0.596530903011144
0.000185511568795431 0.494685123694672 0.000185963545820028 0.504943401190712
0.0027500083000017 0.493556405978366 0.00959998618395407 0.494093599537678
0.000162857155257935 0.587425209354211 0.00123388432054639 0.411178049169985
0.000221790723226103 0.436646447320239 0.000932028512056258 0.562199733444478
0.00267688575384226 0.78674479768813 0.00639746457970626 0.204180851978321
0.00017661286050913 0.627565536061036 0.00253397697184959 0.369723874106605
0.000202869095057112 0.447635486415732 0.000795331863301221 0.55136631262591
0.000212046962904765 0.526160078644853 0.00154963341818763 0.472078240974055
0.000202185710783655 0.638221934013037 0.0011717349836709 0.360404145292508
0.000218920188308573 0.604295417918805 0.000758740885292653 0.394726921007593
0.000148380839047385 0.305722362701633 0.000826217099748299 0.693303039359571
0.000777039501268013 0.578135909530956 0.00363845091972807 0.417448600048048
0.000187514695734127 0.569175844927816 0.000187167245271631 0.430449473131178
0.000489695443784091 0.349041050261833 0.00140465336568529 0.649064600928698
9.1116881238317e-05 9.11234751250115e-05 9.11212386039701e-05 0.999726638405033
0.000160131485586553 0.630736434476468 0.0022068954463519 0.366896538591593
0.000199629527159601 0.801687579045364 0.000924553863291463 0.197188237564185
0.000197889213967164 0.488195009469406 0.000994269364474527 0.510612831952152
0.000180780750323298 0.254566582787861 0.000758042483796924 0.744494593978019
0.000238068535750526 0.738447007719031 0.00256375060716466 0.258751173138054
8.91862112558124e-05 0.00104580929935875 8.9178901692134e-05 0.998775825587693
0.000287344615604636 0.589025998275491 0.000287339341250568 0.410399317767654
0.000144637850955778 0.712096185800726 0.0011326602047651 0.286626516143553
0.000204219915918648 0.516583644559085 0.000564996107970156 0.482647139417026
0.000365100626620146 0.645341717632629 0.00333505346109547 0.350958128279655
0.00638797334766682 0.728948650291216 0.00365173853566578 0.261011637825452
0.00106669630187235 0.437412697820011 0.00262722170026232 0.558893384177855
0.000223127536224277 0.702379884561649 0.00391461145407685 0.29348237644805
0.000174000213884104 0.591524363232985 0.000446051892603853 0.407855584660527
0.000183564506907521 0.625828376950552 0.000804884257180604 0.37318317428536
0.000164759612627071 0.439475706354186 0.000165142189529992 0.560194391843656
0.000190377066764587 0.471845408902259 0.00268215931595089 0.525282054715026
3.69432757201542e-05 0.000395848059031045 3.69381212470944e-05 0.999530270544002
0.000318303773297256 0.0910944563708281 0.000248040700527125 0.908339199155348
0.00134884293321808 0.644237247821969 0.00293144772804607 0.351482461516766
0.000143955958072507 0.620463966764094 0.00156076794516981 0.377831309332664
0.00018068920387584 0.335840556414453 0.00903516153405113 0.65494359284762
0.000138123066193813 0.579587112641075 0.000488863650709642 0.419785900642021
0.000185491725844078 0.68014660037063 0.000250345115999621 0.319417562787526
0.000594017528609096 0.706536704342997 0.00322521422780819 0.289644063900586
0.00020727394535316 0.612970077552532 0.00154374538379809 0.385278903118317
0.000134797419045406 0.348122721639024 0.000133461844579758 0.651609019097351
0.000162837968541619 0.275988635874208 0.000163227681205374 0.723685298476045
0.000172705600522162 0.182246346837894 0.000463870642105642 0.817117076919478
0.000168192411752596 0.56425638154748 0.000729037169902582 0.434846388870864
8.80159312627992e-05 0.0118243774396202 8.80413089230167e-05 0.987999565320194
0.000975735603509872 0.400856787789857 0.00359648354247919 0.594570993064154
0.000179082223282598 0.507172384709737 0.000235457148232935 0.492413075918747
0.0001853701694583 0.588476152859163 0.000333655455548162 0.411004821515831
0.00164424806125328 0.758240127812328 0.00228110282967867 0.23783452129674
0.000200792714176391 0.512182747851911 0.000385855110338408 0.487230604323574
0.00110870404324577 0.647707559949168 0.00579593845071997 0.345387797556867
0.000177991915778681 0.318906023157623 0.000613452284060496 0.680302532642537
0.000341069113279978 0.388870360291942 0.00085100279572362 0.609937567799054
0.000329326072601801 0.670745023350342 0.0193286561413571 0.309596994435699
0.00678607601640401 0.693016280051646 0.00313519964998508 0.297062444281965
0.000163950530668194 0.531239346242617 0.000325950441038297 0.468270752785676
0.000168871346996976 0.00635774739933807 0.00101514560877003 0.992458235644895
0.00360430892758498 0.561426313776977 0.0033739091081193 0.431595468187318
0.000181136588311142 0.507945708347093 0.000531482565366691 0.491341672499229
4.63379633950753e-05 0.000684371254748268 0.000198114098734896 0.999071176683122
0.00105871626667221 0.000341268026952526 0.0013841634741399 0.997215852232235
0.00539846966364014 0.357901418410779 0.00401904852969645 0.632681063395885
0.000188750319764833 0.477348346599286 0.00165451461362029 0.520808388467329
0.000300165321641655 0.487393382518176 0.0325266314677773 0.479779820692405
0.00051042088082194 0.312093174967214 0.000225693523702053 0.687170710628262
0.00909636125890769 0.41325642813926 0.01311465319849 0.564532557403343
0.000655398789138406 0.33619608263763 0.00626915526454447 0.656879363308687
0.00022862421471577 0.514402625233966 0.00183253810237842 0.48353621244894
0.000152682986839867 0.00739207512401467 0.000152683109897795 0.992302558779248
0.000240530067807308 0.513314137821863 0.00129176606476601 0.485153566045564
0.000170019971922817 0.672123963848608 0.000434413097723899 0.327271603081746
0.000199895389068787 0.299240448805819 0.00251828334037747 0.698041372464735
0.0159335081431262 0.539173874888153 0.0135225305343163 0.431370086434404
0.000174831545186095 0.543658965964075 0.000174868321599218 0.45599133416914
0.000158662693662063 0.344077536983296 0.000158652094163553 0.655605148228878
0.000180822936093377 0.578957355484494 0.000649569566723943 0.420212252012689
0.00313386301227546 0.583665655362168 0.00887762546371058 0.404322856161846
0.00110670079879816 0.331656585351101 0.0028777539544361 0.664358959895664
0.000107606086020947 0.514402887287938 0.000107731061116054 0.485381775564924
0.00160046257210134 0.587763081511648 0.108019735933662 0.302616719982588
0.00156712671608464 0.505232787758716 0.00348810640600362 0.489711979119196
0.00028202026137687 0.57081076846538 0.0158284813024341 0.413078729970809
0.000191745976731757 0.217405316207049 0.000247861007130456 0.782155076809088
0.000306189306779796 0.494134667398375 0.000169443000410267 0.505389700294435
5.86863463534805e-05 0.000915163738352472 5.86863275835269e-05 0.99896746358771
0.00583336868546844 0.698023833644367 0.00475484178984427 0.29138795588032
0.000249173974268862 0.600203134089203 0.00778548317024004 0.391762208766289
0.000144767054210134 0.867546688163269 0.000144804392556104 0.132163740389965
0.00049015286628794 0.481127664124578 0.00021086938127036 0.518171313627863
0.000190705209400596 0.751690535699538 0.00509535991326576 0.243023399177796
0.001020236062295 0.741493566696725 0.0111215354062472 0.246364661834733
0.000297470377457129 0.514312614442905 0.000299134610268969 0.485090780569369
0.000221607807909597 0.382207952366817 0.00160371369072965 0.615966726134544
0.000501694332942657 0.647998055088978 0.00019811077479773 0.351302139803281
0.000176742081809927 0.440092305189195 0.00139686930055777 0.558334083428438
0.000143666702533224 0.668060460193919 0.000754403093754316 0.331041470009794
0.000175639199057288 0.262579016286864 0.000582334248076969 0.736663010266002
0.00288578119152355 0.44118354020131 0.00323018741407551 0.552700491193091
0.000329564150212616 0.67780636756056 0.00418887725016241 0.317675191039065
0.000125915866976345 0.188583634641817 0.000809864291807064 0.810480585199399
0.000242868958897797 0.281536795517025 0.00325764386732402 0.714962691656753
0.000171562135251704 0.292536928914883 0.000171489714044427 0.70712001923582
0.000172805791666285 0.201284642665962 0.00115835923222968 0.797384192310142
0.000178945697991908 0.392073612306707 0.000923575917022945 0.606823866078278
0.000245123739574079 0.626047866505333 0.00181020524255751 0.371896804512535
5.4740390674265e-05 0.0111418011501446 5.04748237024261e-05 0.988752983635479
0.000716113462224597 0.803327839336766 0.00129181338191079 0.194664233819099
0.000254434383306734 0.416199477765097 0.00095121165969491 0.582594876191901
0.0154754776580294 0.521409114925759 0.00342739446350355 0.459688012952708
0.000795811229748123 0.835219037395483 0.000584291266806109 0.163400860107963
0.000193007246475425 0.401377420126693 0.00815285078248476 0.590276721844347
0.000210740345460192 0.309544369300606 0.00135736697609696 0.688887523377837
7.04316121090877e-05 7.04334267471361e-05 7.04309745976052e-05 0.999788703986546
0.000188182153773212 0.378860772527268 0.00183786695762511 0.619113178361334
0.000247685216674837 0.506269955857695 0.00255878551939519 0.490923573406235
0.000178294854301532 0.548210804493566 0.00950619838187629 0.442104702270257
9.61342253688521e-05 0.000144773781216634 9.61287772830172e-05 0.999662963216131
0.000217913560061924 0.417926447252043 0.000779350972716759 0.581076288215178
0.000178081198951248 0.308675137058562 0.000411296123247212 0.690735485619239
0.000284620612489196 0.40933404158181 0.00211926719266627 0.588262070613035
0.000174439392896508 0.548199292229922 0.000174231808995531 0.451452036568186
0.00918875184441357 0.737667814417606 0.00318402350088553 0.249959410237095
0.000252846703965405 0.442924681442043 0.000898781483141372 0.55592369037085
0.00093997988061603 0.325280857015059 0.00152585410658788 0.672253308997737
0.000353944316043742 0.622942668485904 0.00251435073115666 0.374189036466896
0.000213389343508502 0.562578361200975 0.00174168429051501 0.435466565165001
7.38680145790721e-05 7.38707612725191e-05 7.38667271628443e-05 0.999778394496986
0.000168722414130525 0.550162913313792 0.00309662960320796 0.446571734668869
8.38377776055414e-05 0.00034799563710637 0.000202109818555481 0.999366056766733
0.000225983588827019 0.527906853540008 0.00410663460328644 0.467760528267879
0.000239205315789595 0.551975849850417 0.00147111649279443 0.446313828340998
0.000489532695888226 0.719208249073153 0.00045828700746167 0.279843931223497
0.000180664775771526 0.661011733283061 0.000476594673012957 0.338331007268155
0.000182043251182853 0.493021406349761 0.000408454001967886 0.506388096397088
0.000268162761214277 0.562632643558463 0.0261753179248416 0.410923875755481
0.000188483330486353 0.769795926110481 0.00314412810105878 0.226871462457974
0.00336604598981 0.613987631131082 0.00326415661639734 0.379382166262711
0.00039937032261694 0.00159840773829208 0.000799979933300683 0.99720224200579
0.000183042523497158 0.602254017752359 0.000994485144885229 0.396568454579259
0.000149396497575629 0.227558855167684 0.00195594032697455 0.770335808007766
0.000173308509696479 0.497471884832033 0.00168985222677794 0.500664954431493
0.00686739364979218 0.586482777885211 0.0111618334115359 0.395487995053461
0.000501584001455083 0.669860450884442 0.0034533864050802 0.326184578709022
0.000180969101676558 0.260020439826922 0.000375392384074811 0.739423198687327
0.0047827844928933 0.146065207918364 0.0473142741243475 0.801837733464395
0.000296757198229131 0.305018308675399 0.0134406529902596 0.681244281136112
0.00012051975719258 0.350827630419647 0.000185542915437996 0.648866306907723
0.00140081209393325 0.368744172752185 0.00544001176961615 0.624415003384266
0.490828837574548 0.156943887238681 0.172837366224485 0.179389908962286
0.000171576669839683 0.147523270296104 0.00108990498604109 0.851215248048015
0.000197703699475551 0.480773672668644 0.000202027356810647 0.518826596275069
0.00020248641107293 0.325631687684825 0.00187579188082505 0.672290034023277
0.000230189655005728 0.363445527520879 0.00415850396574107 0.632165778858375
0.000196877590416875 0.251500616501786 0.00102448998327751 0.74727801592452
0.000205160215163176 0.760122431204581 0.00288287218958494 0.23678953639067
0.000185308369621968 0.484312616291076 0.00206370823551606 0.513438367103786
0.00021307634278172 0.455742866734675 0.00163737094765678 0.542406685974887
0.000211296542275052 0.516077438191253 0.00261125061774852 0.481100014648723
0.000189216967400665 0.646455350538026 0.000191400265931407 0.353164032228642
2.07542036582956e-05 0.00722885610424203 0.000136911632543372 0.992613478059556
0.000199972143242633 0.673778076266228 0.00135810608190482 0.324663845508624
0.000171019959881486 0.620737142110694 0.000173306924608789 0.378918531004815
0.000168969235453456 0.111023426794448 0.0012065892961794 0.887601014673919
0.000162321551886995 0.756328935578725 0.000715299135798419 0.242793443733589
0.00650121138314363 0.601890865104036 0.00559356522637982 0.38601435828644
0.00109336678691775 0.688517279896652 0.0157952351664919 0.294594118149938
0.000193590708110355 0.549590426061332 0.00108668903432721 0.44912929419623
0.00493212244426351 0.353894224091439 0.00957997067786487 0.631593682786432
6.79862336993013e-05 6.7987714075711e-05 6.79868955217489e-05 0.999796039156703
0.00247926087190777 0.718375147182776 0.00974364290999381 0.269401949035323
0.000215519996119096 0.439218997164783 0.0221666563306966 0.538398826508401
0.00016515370512693 0.613249428247143 0.000165293802473092 0.386420124245257
0.000344955471692352 0.64766674316742 0.104265201965489 0.247723099395398
0.000630861916586248 0.72580826628548 0.000712428952623029 0.272848442845311
0.0606939707227977 0.0284284830328266 0.102359014129308 0.808518532115068
0.000170654518531589 0.155245719219728 0.000581450636984773 0.844002175624756
0.000174268331907191 0.32888325933275 0.000174005580245813 0.670768466755097
0.000132372791089914 0.582874216238366 0.000329302508641918 0.416664108461902
0.000226518496205266 0.398730635415228 0.00480414659987069 0.596238699488696
0.000234712978586442 0.362024254370736 0.00497571538755908 0.632765317263119
0.00341268313906476 0.583276427742615 0.0128506761126152 0.400460213005705
0.000193423712993023 0.286358437501129 0.00135080263797721 0.712097336147901
0.000271273616589614 0.802190968951192 0.0111528271911783 0.18638493024104
0.00337243840790539 0.454408502725117 0.025550549936331 0.516668508930646
0.000147151125319126 0.303415015204218 0.000147364952770374 0.696290468717692
0.00137132251009607 0.671995424593012 0.000605191048845699 0.326028061848046
0.000273898084690803 0.375024391262865 0.00914084206693204 0.615560868585512
0.000138505539447316 0.426700292240674 0.000559602983696859 0.572601599236182
0.00017284602155427 0.370097598624377 0.00101815991268676 0.628711395441382
