0.993711857440617 5.90532907672686e-05 0.00616994380072048 5.9145467895138e-05
0.490766736270348 0.000215155153038958 0.508802961513196 0.000215147063416776
0.443805757480371 0.000268761368726733 0.555656674791338 0.000268806359564113
0.680480252719824 0.000176893080139946 0.319165961837383 0.000176892362652904
0.718290658016555 0.000120686417687369 0.281467933470676 0.000120722095081837
0.969468005136959 6.00521673576357e-05 0.0304118997307678 6.0042964915723e-05
0.555056684970484 0.00020018055426771 0.444542828225458 0.000200306249790432
0.742311859421025 0.000112008925764459 0.257464438670587 0.000111692982623469
0.966598580103112 6.78436180459714e-05 0.0332657964164248 6.77798624173026e-05
0.202248515682085 0.000175461659056147 0.797401125002664 0.000174897656194921
0.405416406759687 0.000224507462945907 0.594134243723581 0.000224842053786169
0.840934118710388 0.000167860385756681 0.158730138201221 0.000167882702634377
0.888960398957833 0.000134749152047616 0.110769184086248 0.000135667803871867
0.417793771109279 0.000153637947208757 0.581898882873792 0.000153708069720795
0.703818765578268 0.000134358015904781 0.29545642586115 0.000590450544677034
0.689710820374937 0.000131833413125012 0.310025114013298 0.000132232198639278
0.68301745965033 0.000134777226063236 0.316712987582163 0.00013477554144399
0.112408155132116 0.000538781956256048 0.885620097232222 0.00143296567940658
0.815232892090146 0.0001416118247779 0.18448380624683 0.000141689838245648
0.84950090347728 0.000130855455704732 0.150237430756353 0.000130810310662027
0.181676961031589 0.000287464378185842 0.817747566671131 0.000288007919093872
0.981389875412588 6.11904991328958e-05 0.0184877486071405 6.1185481138769e-05
0.896823920962512 0.000100248060286728 0.102975498241466 0.000100332735735175
0.24858286000193 0.000145877024032552 0.751125322714537 0.000145940259500456
0.693567659548078 0.000176193998769379 0.306079795287531 0.000176351165621479
0.402062848254702 0.000189458673062975 0.597557727592461 0.000189965479774531
0.895654907488373 9.18690606912892e-05 0.104161352782797 9.18706681389629e-05
0.197346661635008 0.000125404334831858 0.802402516701858 0.000125417328302059
0.811381782335856 0.000109983347217453 0.188398211400571 0.000110022916355331
0.724808152230087 0.00014356959445511 0.274406568493589 0.000641709681868638
0.44750828645154 0.00019158192815293 0.552108441437725 0.00019169018258232
0.782639466048699 0.000141886892050992 0.217077592259523 0.000141054799727474
0.645415237315824 0.000137796162773323 0.354309338907031 0.000137627614371181
0.945143848481425 0.000118689668882696 0.0537586027346868 0.0009788591150058
0.946317893449228 0.000136348256533353 0.0533463452278701 0.000199413066368743
0.920333006533196 7.65725742351818e-05 0.0795138368670641 7.65840255048632e-05
0.288065351064454 0.000128357845042668 0.711677972701983 0.000128318388519908
0.807512372482141 0.000139238082192574 0.192209146476097 0.000139242959569893
0.919227987462511 0.000120189766369002 0.0805313133993162 0.0001205093718037
0.877914784415497 0.00014294084254011 0.121801342592281 0.000140932149681536
0.773055957599397 0.000155110788567612 0.226633806352045 0.000155125259990272
0.330712440943294 0.000129856781265057 0.669027196350075 0.000130505925365404
0.747243372957552 0.00010174151275434 0.252553129818425 0.000101755711268854
0.852274643826012 0.000124059076948217 0.147476791992303 0.000124505104737174
0.277651673033234 0.000113962653972667 0.722120670931073 0.000113693381720046
0.805853290509962 0.000161264309493361 0.193823880750386 0.000161564430158805
0.212193392499797 0.000144615374419957 0.787517358469554 0.000144633656228741
0.381510595400446 0.000212061560056509 0.618065089734754 0.00021225330474353
0.737889318063908 0.000125521058148775 0.261860080777068 0.000125080100875656
0.921455823246281 0.000150391530515251 0.078243363951757 0.000150421271446688
0.813955603163694 0.000185401855426104 0.185673793503176 0.000185201477703886
0.967340712172128 9.36952836441775e-05 0.0324719266460533 9.36658981747383e-05
0.952088090925694 9.8021176268604e-05 0.0477157951603582 9.80927376788621e-05
0.356245869319945 0.000177583491637525 0.643398928218819 0.000177618969598285
0.803850562186303 0.000295184068108656 0.195559083616879 0.000295170128708917
0.355873989910076 0.000260517800121714 0.643605226219657 0.000260266070145981
0.813186650503874 0.000138366223247688 0.186536774261053 0.000138209011825142
0.903483710449894 0.000137472269536281 0.0962413610866942 0.000137456193875584
0.267716564693458 0.000230816776156368 0.731821157258718 0.000231461271666946
0.308482223910029 0.000215329629694036 0.691086888883963 0.000215557576314497
0.100569038190092 0.00152917164323151 0.897054088058707 0.000847702107968934
0.985567521037909 9.12219931222265e-05 0.014250032671662 9.1224297306554e-05
0.969352086846587 0.000127716427769031 0.0303925269691622 0.000127669756481319
0.529928037547399 0.000178576986531676 0.469714863601336 0.00017852186473333
0.434581318719583 0.000273502393753423 0.564871654294234 0.00027352459242976
0.525962129966707 0.000153098581984356 0.473731610983111 0.000153160468197977
0.760151648452299 0.000128225478709446 0.239591979542994 0.000128146525998014
0.824979239769945 0.000121229790856134 0.174778617130883 0.000120913308316386
0.540521291671457 0.000283681390802186 0.458911584089767 0.000283442847974042
0.68711848039582 0.00013303643312875 0.312615213538086 0.000133269632965179
0.353746784650629 0.000300673350542913 0.645747817235547 0.000204724763280613
0.807054114812643 0.000153291558978386 0.192639344877902 0.000153248750476805
0.638097150511062 0.000152290541762292 0.361386228024406 0.000364330922769149
0.408450553637072 0.00023716134708786 0.5910753643538 0.000236920662040174
0.799935732969038 0.000138883068126006 0.199786510498212 0.000138873464624749
0.315025461490156 0.000179719603702869 0.684615223197118 0.000179595709023405
0.878811750638177 9.67852624694299e-05 0.120994684768856 9.6779330497814e-05
0.968509010232158 5.50023533293645e-05 0.0313810520126297 5.49354018825726e-05
0.977983828703225 0.000100425657934781 0.021815322352549 0.000100423286290777
0.325088293908623 0.000155570278500762 0.67460144396428 0.000154691848596239
0.893058233275108 0.000120302515122871 0.106701160502941 0.000120303706827697
0.252704288286343 0.000187157280568982 0.746921299068065 0.000187255365023549
0.219193621433008 0.000312205430854939 0.779870857124564 0.000623316011572899
0.969836948667095 0.000109282825476378 0.0299444545260016 0.000109313981427026
0.704214212206836 0.000191703062954107 0.29540235441665 0.000191730313559999
0.637446787757202 0.00015139540217896 0.362250453037301 0.000151363803318527
0.815453402506197 0.000145279421113932 0.184256642606191 0.000144675466498063
0.815675858942489 0.000165135839319144 0.183587719994113 0.000571285224078919
0.374888087653747 0.000162391387504141 0.624787112332205 0.000162408626544532
0.204212434093278 0.000128661587626162 0.795530164529446 0.000128739789650044
0.853022551743237 0.000114686936909196 0.146747966963555 0.00011479435629872
0.628063892754711 0.000126197047352026 0.371683899193648 0.000126011004288667
0.3925654424747 0.000201014411326017 0.606587174840571 0.000646368273402238
0.945935506189225 0.000109171246232286 0.0536095622779789 0.000345760286563569
0.591403739587866 0.000148208275382621 0.408300030207273 0.000148021929478109
0.44915757395681 0.00015604302142592 0.550530335225173 0.000156047796590989
0.865754693562546 0.000142024704597822 0.13396127052137 0.000142011211486578
0.79342409748446 0.000148761672625967 0.206278363097181 0.000148777745733071
0.803699365073814 0.000127216914691038 0.196047074458765 0.000126343552729595
0.936695875109309 0.000131663889626295 0.063039638327904 0.000132822673160639
0.491910986816434 0.000198097036106163 0.507692620929191 0.000198295218268812
0.787907743323484 0.000152962437201517 0.211546069972632 0.000393224266682929
0.448000823314601 0.000200595996183724 0.550181642347585 0.00161693834163012
0.237888997513702 0.00014182868221174 0.76182756286854 0.00014161093554616
0.593523756478605 0.000162063780836222 0.406036836596552 0.00027734314400706
0.886236595776335 0.000225044963623837 0.113313347295899 0.000225011964141709
0.98551215856995 7.27160530150833e-05 0.0143424336460744 7.26917309601487e-05
0.924768356993752 9.08799147697814e-05 0.0750498659467484 9.08971447293835e-05
0.833189806985529 7.06801378345678e-05 0.166668996201634 7.05166750023428e-05
0.714742861225172 0.000176988410864792 0.284903131403469 0.000177018960494178
0.771583871290523 0.000334406567200842 0.227747340144327 0.00033438199794848
0.449984761636057 0.000144237115793847 0.549726979072502 0.00014402217564778
0.562040611407608 0.000192291340936164 0.437574273836333 0.000192823415122472
0.83551575162641 0.000131325407914956 0.16422161692254 0.000131306043135089
0.758445131248316 0.000129687675173621 0.241295567209045 0.000129613867465199
0.982524855577591 5.73318932795551e-05 0.0173608240495198 5.69884796096947e-05
0.210374613020921 0.000137901423939225 0.789349714172494 0.000137771382645737
0.271854990392474 0.000131583213844688 0.727881985459762 0.000131440933918834
0.497905274968887 0.000157910069589664 0.501778859081144 0.000157955880379734
0.994951839620592 2.86098198012032e-05 0.00499094906191895 2.86014976881986e-05
0.953185584669057 0.000103523045031123 0.0466073780889196 0.000103514196991927
0.745534650191608 0.000159658021086902 0.254146059973981 0.000159631813323758
0.832162227567806 0.000139739361566729 0.167558388341414 0.000139644729213533
0.439589332424916 0.000209497637441401 0.559991063601112 0.000210106336530723
0.37449435640542 0.000175615387516553 0.625154563437068 0.000175464769995609
0.759142606785224 0.000145279447027456 0.240565986036512 0.000146127731236186
0.896363965339416 0.000127215604111471 0.103381619087454 0.000127199969018716
0.964919127755602 0.000114270699504925 0.0345569646633888 0.000409636881504491
0.342958844953087 0.000122474453312722 0.656796215745794 0.000122464847805374
0.317586756583026 0.000162161611055215 0.682088867216333 0.000162214589586496
0.854055593676588 0.000118818173783442 0.145706667242542 0.000118920907085881
0.692574894917638 0.000130887865927075 0.307163134405498 0.000131082810937078
0.497750102214834 0.000146059446995463 0.50195777732304 0.000146061015131136
0.337140105728595 0.000192328661747862 0.662474983178538 0.000192582431119375
0.609433640462157 0.000160204035441115 0.39024585565006 0.000160299852342036
0.255481424009841 0.000421866505292013 0.742538898269273 0.00155781121559412
0.645945205598939 0.000114263501616301 0.353826486477304 0.000114044422140119
0.484381090938506 0.000175496998199988 0.515267942428116 0.000175469635178056
0.900608381803805 9.58194477364633e-05 0.0991999720797814 9.58266686775072e-05
0.805027556017171 0.000149191298122677 0.194675250806096 0.000148001878610248
0.573497069999934 0.000183477819259269 0.426135954699983 0.000183497480823101
0.700173533932893 0.000150481091531444 0.299525470783137 0.00015051419243867
0.875033920236523 0.000152799483032953 0.124660449650692 0.000152830629751888
0.890861716027881 0.000132752404110139 0.108872799780418 0.000132731787591405
0.241734209147599 0.155658168503664 0.322997228593643 0.279610393755094
0.795935051021318 0.00016628249523703 0.203732368418726 0.000166298064719232
0.959514157603107 9.55840788553996e-05 0.0402951005043404 9.51578136973801e-05
0.377388671212283 0.000164592149822608 0.622281965308145 0.000164771329749497
0.528917225240387 0.000207903864625001 0.470667037112672 0.000207833782315254
0.99969691948506 3.16437196318006e-05 0.000239794147597109 3.16426477111736e-05
0.444024973799793 0.000162803591606481 0.555649407429657 0.000162815178944192
0.236012713607293 0.000163513773059371 0.76366030610694 0.000163466512706786
0.48796144243445 0.000132719540812286 0.511773117286734 0.000132720738003689
0.461492151381236 0.000141055628826619 0.538225178389272 0.000141614600665005
0.569282725182742 0.000164473534777377 0.430388139756881 0.000164661525598734
0.649411861910088 0.000134735780329856 0.350319165065516 0.000134237244066056
0.703680930113674 0.000285882381634974 0.294539571516103 0.00149361598858804
0.703416671090729 0.000116268254426555 0.296350690233425 0.000116370421419443
0.597092113489121 0.000163512641014024 0.402580935583821 0.000163438286043788
0.998898227513507 4.87208420293009e-05 0.00100435037803477 4.87012664289074e-05
0.430421306089497 0.000104387610668437 0.569369973592642 0.000104332707192372
0.741395514734423 0.000110060733291611 0.258384475562003 0.000109948970282296
0.98939174967281 8.23019471435614e-05 0.0104431622103804 8.27861696657264e-05
0.83444049349677 0.000104564779730901 0.165350154473209 0.000104787250290254
0.111254786422035 9.27224567817946e-05 0.888559725533134 9.27655880498826e-05
0.0287542085065289 0.000148207813608177 0.970949389538462 0.000148194141400975
0.831246032697924 0.000142527905806711 0.168468922313949 0.000142517082319898
0.746049051169811 0.000185156466333822 0.253580639282151 0.000185153081704393
0.771917078625465 0.000161810454214399 0.227759331185557 0.000161779734763024
0.729299074537179 0.000151110873856898 0.270399073280329 0.000150741308635324
0.364006781459126 0.000118020288339017 0.635757387613222 0.000117810639313548
0.773211509596656 0.000111686434059131 0.226565264858343 0.000111539110941942
0.903402365853177 4.5231993018348e-05 0.0965072282620455 4.51738917594262e-05
0.460803313454183 0.000155260755590059 0.538886459893694 0.000154965896533285
0.525921984179776 0.00018088338813541 0.473716008199826 0.000181124232262697
0.389278515384517 0.000130052496863668 0.610460429490163 0.000131002628455959
0.757631693567322 0.000120470175636739 0.242127277677303 0.000120558579737631
0.641992149776156 0.0001544263628935 0.357699418015057 0.000154005845893441
0.780660530122782 0.000244617311894819 0.218850144735645 0.000244707829677742
0.560198176220512 0.00022392583042514 0.439354017289244 0.000223880659818561
0.294935776181725 0.000171743755298754 0.704720802820657 0.000171677242319241
0.360575587248684 0.000185023502286463 0.639054644570213 0.000184744678816189
0.153579261713013 0.000143821175757331 0.846133059163669 0.000143857947560176
0.852681299449896 0.000163957834865868 0.146990932665516 0.000163810049721943
0.932374370237528 0.00010169166318772 0.0674222102677458 0.000101727831538618
0.983742321415661 7.31190674039354e-05 0.0161114498794112 7.31096375237958e-05
0.656447018017658 0.000163223982791042 0.343227099187095 0.000162658812456866
0.648756986612018 0.000208952853605723 0.350825199892371 0.000208860642004943
0.15458432404515 0.0012573826475679 0.84356798916842 0.00059030413886185
0.41341679943198 0.000158633446324882 0.586265978217379 0.000158588904316008
0.820737737097084 0.000134679334391333 0.178992575999437 0.00013500756908743
0.70250010911466 0.000207711225130281 0.296305267977689 0.000986911682521021
0.58986079362624 0.00018485321109437 0.409769660444308 0.000184692718357756
0.935754488942353 0.000125316505396159 0.063994863897091 0.00012533065515997
0.342823909529627 0.000128347382607941 0.656919352857663 0.000128390230101913
0.968601266962718 5.56501655764777e-05 0.0312874198161751 5.56630555301887e-05
0.379989767001792 0.000152226576004776 0.619705800313961 0.00015220610824261
0.510165714586264 0.000147540119367946 0.489539183940209 0.00014756135415988
0.351920122487345 0.000217331809958422 0.64708382766947 0.000778718033226582
0.597782161501041 0.000170821205666957 0.401876639859355 0.000170377433937065
0.910736859998514 0.00010842144220723 0.0890472913212891 0.000107427237989982
0.316689178420256 0.000126050426282736 0.683058631569385 0.000126139584075437
0.496029992227394 0.000132261997715248 0.503705355015404 0.000132390759486752
0.581948254976417 0.000143752286377123 0.417764339357559 0.000143653379646952
0.721317436317278 0.00023327780711946 0.278216060304379 0.00023322557122435
0.802892152497202 0.000116767058304129 0.196874326718898 0.000116753725595415
0.944825290287164 0.000114292547910685 0.0549460802955182 0.000114336869407052
0.542503170684756 0.000318330979323992 0.452682706387011 0.0044957919489092
0.936965041803427 5.95969941530393e-05 0.0629156666216663 5.96945807536757e-05
0.75407595988439 0.000138760421568288 0.245646651367148 0.000138628326893461
0.683207794030117 0.000160199319457722 0.316471573358442 0.000160433291982729
0.862824253900385 0.000130092100862578 0.136915604090849 0.000130049907902806
0.540048588944518 0.000146971148517875 0.459657567103881 0.000146872803082933
0.838954974005837 0.00024587306094885 0.159825016040189 0.000974136893025521
0.627882522343914 0.000175745530500388 0.371766004274084 0.000175727851501405
0.95364280255197 6.80371088808556e-05 0.0462211245930181 6.80357461313697e-05
0.478587746904026 0.000225992650537642 0.520960197000099 0.000226063445337612
0.340729469771091 0.000203867549867656 0.658862805797572 0.000203856881468798
0.849851994687672 0.000121202931895275 0.149873853367492 0.000152949012941535
0.320873606655182 0.000216397275449182 0.678693450772261 0.000216545297108344
0.667272565371074 0.000207924320277051 0.332311614708275 0.00020789560037415
0.918289384571243 0.00011137916984208 0.081487857869393 0.000111378389521825
0.698603801180842 0.000153465407487733 0.301089244229088 0.000153489182582895
0.739598497123063 0.000168807096133577 0.260064136821842 0.000168558958961522
0.96894877129027 9.11762949681187e-05 0.0308688639549731 9.11884597890531e-05
0.935216140326778 0.000182044440001292 0.0644197448366513 0.00018207039656899
0.695231066879842 0.000242039246197502 0.304284839168449 0.00024205470551152
0.724890677104746 0.000124787610275411 0.27485926537118 0.000125269913798366
0.825053816539883 0.000149459004078029 0.174647463457354 0.000149260998685683
0.671496752785774 0.000104915657215438 0.328293634953915 0.000104696603095015
0.823505880658289 0.000114694167499239 0.176264850352167 0.00011457482204524
0.995434360665114 6.98811814800054e-05 0.00442588994929682 6.9868204109308e-05
0.372829147269524 0.000172633469650713 0.6268256212768 0.000172597984024993
0.769139830120504 0.000122541678169524 0.230615099278357 0.000122528922969206
0.95689328251471 9.4776458185394e-05 0.042917163721095 9.47773060101191e-05
0.285487456532685 0.000165164294426527 0.712735862799714 0.00161151637317443
0.616696753503606 0.000133002171648494 0.383037553492534 0.000132690832211932
0.401747220438258 0.000117350017353531 0.598018096102764 0.000117333441624158
0.786846809650688 0.000130897661658178 0.212891580964838 0.000130711722816011
0.598984618767433 0.000624177957504104 0.398018340443233 0.00237286283182959
0.771858881743618 0.00015243396795701 0.227835930419604 0.000152753868820607
0.795926574231262 0.000114349339203927 0.20384472614024 0.000114350289294737
0.580961464580038 0.000172557620298922 0.418693371778203 0.000172606021459768
0.837648636985365 0.000162278533454957 0.162026760901598 0.000162323579581971
0.350995334957985 0.000184309948483796 0.648636013325453 0.000184341768078038
0.0844998812850165 0.000140193151791005 0.915220157506765 0.00013976805642754
0.557170425853168 0.000128686759487222 0.44257245496989 0.00012843241745512
0.998032354980443 5.6364186974298e-05 0.00185498590253176 5.62949300512375e-05
0.575988141090076 0.000152751419109383 0.423389700490362 0.000469407000452767
0.548301355577537 0.00012072937059049 0.451457510090483 0.000120404961389831
0.96808973164078 8.32586998229111e-05 0.0317437376979613 8.32719614360954e-05
0.356575188488189 0.00014644368488803 0.642960122395858 0.000318245431064686
0.935070555764626 0.000111841352514502 0.0647057489589261 0.000111853923933228
0.892834278684458 0.000108488530250111 0.106948693323319 0.000108539461972987
0.947557816616613 9.6171411613901e-05 0.0522494920827855 9.65198889878598e-05
0.82314093553571 0.000119352649594135 0.176620882805629 0.00011882900906636
0.958670785734984 9.80138143929262e-05 0.0411331366143619 9.80638362608023e-05
0.835106199418403 0.000114172774916984 0.164665647368452 0.000113980438227584
0.308729783050871 0.00252493197196549 0.683654206991282 0.00509107798588217
0.909968770575564 0.000124433486493301 0.0897825788646475 0.000124217073295035
0.63277528946385 0.000170467979648442 0.366884432747004 0.000169809809498052
0.869454953451806 0.00026785488699523 0.130008524767073 0.000268666894126171
0.80868865384939 0.000136673998839507 0.191037969132861 0.000136703018909871
0.208179020336304 0.000185559637325833 0.791449779763261 0.000185640263109887
0.911495554270368 8.39954888782446e-05 0.0883365926962664 8.38575444875434e-05
0.935158115640305 0.000104059226750832 0.0646338069463968 0.000104018186547242
0.675817295936162 0.000134631280178026 0.323913308025819 0.000134764757840558
0.207558536331166 0.00026775056209014 0.791905960634002 0.000267752472741918
0.669218992688034 0.000173666836817906 0.330433659727236 0.000173680747912491
0.973429087987766 6.32801450036406e-05 0.0264444561951707 6.31756720593558e-05
0.191026732253037 0.000175055600832146 0.808623204096865 0.000175008049266376
0.87382752228186 0.000115559531789693 0.125941228272887 0.000115689913463966
0.892638268397551 0.000132000084869585 0.107097732658441 0.000131998859138461
0.412009466908254 0.00023883657349589 0.587512213658219 0.000239482860031277
0.295478492603806 0.000154441559474259 0.704213112856537 0.000153952980181952
0.701234004754205 0.000165662699423581 0.298434657709507 0.00016567483686452
0.868066909924996 0.000278103498317869 0.131376959549629 0.000278027027056371
0.85748859169769 0.000140471287798056 0.142230718414133 0.000140218600378846
0.873693679415702 0.000115942801782806 0.126074360991119 0.000116016791395834
0.564886231659386 0.000180573244713415 0.434752598758332 0.00018059633756812
0.866569965465246 0.000153822255350742 0.133122406395248 0.000153805884155329
0.306790144850851 0.000216130986228235 0.692777450133963 0.000216274028958287
0.714350345181317 0.000162330321935204 0.285324963625104 0.000162360871643446
0.743992335170337 0.00017722504392154 0.255653243092292 0.000177196693449238
0.832851323967293 0.000120197134944281 0.166908250119948 0.000120228777814415
0.863861938009183 0.000135072869149537 0.135867810814862 0.00013517830680549
0.819443149905461 0.000179487981973466 0.180198052016737 0.000179310095828644
0.614407104690184 0.000134419987511675 0.385323995747539 0.00013447957476554
0.894234647157663 0.000148300567258902 0.105468758854455 0.000148293420622881
0.927803922059735 8.61530917133405e-05 0.0720237290174988 8.61958310524469e-05
0.77502631088742 0.000137216000494047 0.224699262196916 0.00013721091517006
0.463852113993462 0.000139906078892638 0.535867508381621 0.000140471546023538
0.947183630597373 0.000123265382982904 0.0525698777896233 0.000123226230020458
0.936440700076838 0.000133422005791911 0.0632924510409347 0.000133426876435484
0.664829150002145 0.00017014210433842 0.334830567090112 0.000170140803405018
0.405696528052968 0.000199715939254133 0.593904003266623 0.000199752741154591
0.509278429132652 0.000171295663158039 0.490379147714547 0.000171127489643022
0.742587403254728 0.00019659807660479 0.256625384296352 0.000590614372314816
0.709073270631533 0.000197137193941389 0.290531036976897 0.000198555197628342
0.210532143861079 0.000171207987827528 0.788480247558042 0.000816400593051089
0.276208264551912 0.000227387621512048 0.72333699156284 0.000227356263735444
0.612360680429075 0.000196068617100835 0.387082586542854 0.000360664410970469
0.877178108958086 0.000122730206292089 0.122576403354069 0.000122757481553531
0.953023284352756 6.2281957686416e-05 0.0468521706479436 6.22630416141087e-05
0.309663294570574 0.000127712089464814 0.690081182136175 0.000127811203785673
0.534282410624412 0.000210084840147444 0.465297238659967 0.000210265875473797
0.553101773173739 0.000167317443947018 0.446242023053103 0.000488886329210708
0.964214412221994 9.36814956023096e-05 0.0355983488902788 9.35573921251314e-05
0.607144623586241 0.00015246868700469 0.392550413966117 0.000152493760637623
0.496224076924887 0.000164517166010677 0.503446853134016 0.000164552775087007
0.359662736225966 0.000206250320542671 0.63992426085052 0.000206752602971466
0.200575113863577 0.162131779853819 0.443102551607733 0.194190554674871
0.698916784249979 0.0001690488753567 0.300745214902364 0.00016895197230057
0.810802984780022 0.000106287739597104 0.188984610196236 0.000106117284144578
0.995831699765027 4.45485839329914e-05 0.00407919391865003 4.45577323896992e-05
0.745364074871356 0.000186019785169129 0.254263400056408 0.00018650528706675
0.969071271630002 7.42137570266014e-05 0.030780172405 7.43422079711319e-05
0.630415405057545 0.000122567235766215 0.369339577269721 0.000122450436967579
0.964595146577376 9.06896794921612e-05 0.0352235761813596 9.05875617721827e-05
0.593775978289306 0.00015376330641881 0.405916496641039 0.000153761763236603
0.926381788917387 0.000122616156411015 0.0733729190545095 0.000122675871692619
0.317388564342455 0.00015618591462966 0.682229756240926 0.00022549350198975
0.592756541568874 0.000295408831509982 0.406653144266212 0.000294905333404964
0.521161364256842 0.000142389020670674 0.478553839132631 0.000142407589855431
0.563104265315068 0.000161817811572192 0.436571999010398 0.000161917862961849
0.100417866986178 0.000162137635207059 0.899257846060062 0.000162149318552463
0.303770762798222 0.000143902335214251 0.695941616854042 0.000143718012522059
0.156449389599762 0.000147586704352835 0.835025188497757 0.00837783519812809
0.00365703737242931 0.69200254173177 0.0204541272948544 0.283886293600946
0.768685324427864 0.000123121462108431 0.231068142529275 0.000123411580752612
0.817388662100788 0.000128911440915858 0.182353473780203 0.000128952678092912
0.51158303646086 0.000205310838208315 0.48800649737966 0.000205155321272008
0.829698113684114 0.000131123506165585 0.170039593121872 0.000131169687847991
0.886719695200565 0.000163591654362316 0.112953123922795 0.000163589222278188
0.758152763392632 0.000161986921003249 0.241521782162413 0.000163467523952461
0.585195196107975 0.00011999981685285 0.414380678132293 0.000304125942878955
0.740066301427533 0.000195658854497224 0.25954239121317 0.000195648504799763
0.935879092488988 0.000125047921339704 0.0638708416720197 0.000125017917652216
0.713324889595132 0.000159834408241396 0.286355426869002 0.000159849127624041
0.762663258252208 0.00012350982985504 0.237089743600764 0.000123488317172625
0.928139726378454 0.000110237175199494 0.0716398268849059 0.000110209561440569
0.849098194758534 0.000134339093764758 0.150633036213901 0.000134429933800283
0.529503023886656 0.000173085277478574 0.47015085002839 0.000173040807475358
0.267727102901023 0.000249829303600816 0.731773225591261 0.000249842204115406
0.737542116074809 0.000153139396559796 0.262151468747313 0.000153275781317909
0.456454616139984 0.000176045184807143 0.543193296546243 0.000176042128965423
0.958245927886344 0.000134488791564092 0.0414850542908549 0.000134529031237161
0.56237444325129 0.000175561225964973 0.437274659773923 0.000175335748821088
0.9201256095794 0.000142549641115313 0.0795889131431868 0.000142927636297981
0.678537681052589 0.000161118779313987 0.321140237019015 0.000160963149081941
0.973155484068273 7.39022775523095e-05 0.0266966692368246 7.39444173497989e-05
0.629142209288195 0.000126532920701434 0.370605354904855 0.000125902886247863
0.996367452808288 6.08685637784085e-05 0.00351080658613191 6.08720418015632e-05
0.0941728956800057 0.000104327476796546 0.905618516940863 0.000104259902334619
0.90854185026643 0.000116875024089101 0.0912243994183404 0.000116875291140551
0.532825141669832 0.000227307535903688 0.466545292399836 0.000402258394428364
0.981914300757053 8.75616856414346e-05 0.0179105540466435 8.75835106623116e-05
0.911767273651297 0.000112545055421379 0.0880076115531588 0.000112569740123255
0.706166866934738 0.000168349110410055 0.29349632806825 0.000168455886601961
0.848749511143704 0.000159590433620161 0.150931368167746 0.000159530254930103
0.949941734686056 8.72770507509941e-05 0.0498840063465065 8.69819166866176e-05
0.210935876385252 0.000192944179764241 0.78867774539973 0.000193434035254269
0.880801538911244 0.000111424725937307 0.118975537441163 0.000111498921656044
0.681239987865928 0.000134544684288748 0.318491072025916 0.0001343954238667
0.416678879719334 0.000137387282165289 0.583046379196889 0.00013735380161154
0.788136400472221 0.000194011084193696 0.211475528662826 0.000194059780758901
0.996132043140677 3.86858347774652e-05 0.0037905835821904 3.86874423553814e-05
0.543968399283691 0.000180769254786394 0.455670043140518 0.000180788321004899
0.618307156522382 0.000134070340529714 0.381424628249838 0.000134144887250852
0.959236729362724 6.51777530053849e-05 0.0406329402417019 6.51526425691279e-05
0.567117740430806 0.000181379207066904 0.432519544169956 0.000181336192171466
0.729432472366932 0.000135400733490162 0.270296708208411 0.000135418691167213
0.942988125330908 0.000104702973934086 0.0568022454992804 0.000104926195877919
0.904493928740701 0.000156955971712555 0.0951921563572286 0.00015695893035761
0.0442363402916694 0.496659635193811 0.301373291812325 0.157730732702195
0.0710004594274513 0.000142513589402764 0.928714580528883 0.000142446454262579
0.306014748497582 0.000207424507747523 0.693570242071629 0.000207584923041652
0.826860445180518 0.000110178326226815 0.172919213654606 0.000110162838649341
0.415611723503594 0.000168820218204077 0.584050850624867 0.000168605653334704
0.663627074942207 0.000171069375086825 0.336030784738961 0.000171070943745104
0.637347256653372 0.00018316419748699 0.362287797010469 0.000181782138671757
0.765176183076896 0.000133030715386673 0.23455758467673 0.000133201530987106
0.858159314090713 0.000144878651737244 0.141550928676729 0.000144878580821281
0.778001466669645 0.000144948893141405 0.221708739419812 0.000144845017401265
0.866978223261358 0.000112123437306974 0.131866830629594 0.00104282267174096
0.810476910454452 0.000122385344495512 0.189278306934909 0.00012239726614313
0.904052061921539 0.000153324783043551 0.0956407549039174 0.000153858391500432
0.542656387673221 0.000233181518411101 0.45639182438594 0.000718606422427843
0.114480765905609 0.000124807617708895 0.885269617391558 0.000124809085124308
0.87894272835747 0.000140540055992718 0.120621034020394 0.000295697566143114
0.976618616958163 7.59678222574425e-05 0.0232292474438823 7.61677756973902e-05
0.653974950370341 0.000156952484111825 0.345711127591825 0.000156969553722087
0.809926158733601 0.000173090233517464 0.189727652308726 0.00017309872415557
0.786038794820359 0.000130938939894572 0.213699397527318 0.000130868712428391
0.139727047210549 0.000120403628225802 0.859968115825417 0.000184433335808095
0.77057224833625 0.000169517310660719 0.229088460039942 0.000169774313147056
0.907756224756043 0.000117320787313963 0.0920090818392336 0.000117372617409021
0.155719080829848 0.000157453266778646 0.843966042153567 0.00015742374980667
0.726028402603105 0.000212322594345841 0.273546764879589 0.000212509922960488
0.96743680493932 0.00011165069524369 0.0323398925055161 0.000111651859920108
0.746948463176659 0.000232245500018079 0.252587020554456 0.000232270768866996
0.733652972079843 0.000198001491978386 0.26595136028616 0.00019766614201835
0.643688790537595 0.000163755752208916 0.355983677537898 0.000163776172298178
0.907128571512115 0.000142560017317698 0.0925864053477402 0.000142463122826897
0.108428239066172 0.09180840349573 0.704914793327422 0.0948485641106768
0.971465497795368 8.45628398555928e-05 0.0283653920978211 8.45472669554172e-05
0.932707544933625 9.22305910265618e-05 0.0671078449853526 9.23794899956126e-05
0.610030289496193 0.000141718028748819 0.388964763247285 0.000863229227773947
0.705739128478584 0.000132154729786466 0.293996553086845 0.000132163704784279
0.8564114488241 0.000153182467020897 0.14328192733527 0.000153441373609351
0.967031810418742 9.78218608296322e-05 0.0327725845064397 9.77832139882906e-05
0.94628885141715 0.000142621280679553 0.0534260063193292 0.00014252098284096
0.799895664507109 0.000143413780435974 0.199817666232438 0.000143255480016792
0.975546491892341 5.79198167611103e-05 0.0243378154812187 5.77728096795084e-05
0.908442397982576 8.965473200595e-05 0.0913783358864331 8.96113989854203e-05
0.322025211688292 0.000121503007228099 0.677731742297606 0.000121543006873264
0.538660853961384 0.000263472343624237 0.460316362143607 0.000759311551384335
0.417742460310644 0.000152543443228733 0.581952405039474 0.000152591206652839
0.518312344982428 0.000239557646502145 0.48120856161697 0.000239535754099088
0.750755792116525 0.000162698515946611 0.248918783555393 0.000162725812135393
0.504179825190042 0.00017318195292528 0.495473794811318 0.000173198045715069
0.577900435744849 0.000209805146379527 0.421680464166794 0.000209294941977845
0.510102414291703 0.000201562958337399 0.489495262932198 0.000200759817761598
0.753122043692993 0.000140649150811013 0.246596659039209 0.000140648116987617
0.862251928580291 5.98205394252635e-05 0.137628429560737 5.98213195467017e-05
0.607736289656273 0.000140599873975036 0.391982244972769 0.000140865496982948
0.694692705082146 0.000130731104973075 0.304559133832083 0.000617429980797971
0.934922808655533 0.000152194678473937 0.0641693143066075 0.000755682359385182
0.788000364483226 0.000136228418951452 0.211727149328586 0.000136257769237195
0.794584053443222 0.000128774485554853 0.205158387957321 0.00012878411390181
0.51759052300698 0.000208059359335813 0.481993526748113 0.000207890885571498
0.967261899305019 8.46113123787421e-05 0.0325688438895595 8.46454930426052e-05
0.41901084765852 0.000173851233300165 0.580410645376891 0.000404655731288274
0.607551719777076 0.00020386238181896 0.392040596702983 0.000203821138122136
0.0653986105939434 0.000283883643165888 0.933740173210503 0.000577332552387892
0.166512870922633 0.0154607488275653 0.808026489069533 0.00999989118026941
0.285160276539911 0.000177233111978206 0.714485306351038 0.000177183997072994
0.686079401885412 0.000249362581569062 0.313418921131228 0.000252314401790952
0.882653801428318 0.000127455198674928 0.117091344194386 0.000127399178621161
0.334282698665689 0.00014066369266066 0.665436021109554 0.000140616532095839
0.62587644550959 0.000195634496707845 0.373732535086199 0.000195384907503155
0.227427726671512 0.000257035646442055 0.772058207884053 0.000257029797992933
0.458957514392709 0.000162809716026852 0.54071696840857 0.000162707482694472
0.883274865081146 0.000122784245571583 0.116479763210208 0.000122587463073834
0.43523678476628 0.000154967582560826 0.564453513288764 0.000154734362394893
0.873870309209562 8.76434768514078e-05 0.125954427360549 8.76199530380512e-05
0.963929185330269 9.06760734334211e-05 0.0358892604472534 9.08781490438646e-05
0.704156882432746 0.000158179231953614 0.295526682021837 0.000158256313463458
0.739341199494108 0.000153765261476322 0.260350750240401 0.000154285004014387
0.750132559261752 0.000136869188859177 0.249593279274757 0.000137292274631971
0.0962206320236074 0.000259116417901403 0.901392940666373 0.002127310892118
0.325016110083222 0.000183956956915129 0.674544769780864 0.000255163178998906
0.935728085077703 0.000120853785643763 0.0640302305642457 0.000120830572407211
0.920269228507813 0.000113751134757489 0.0795034068260192 0.000113613531410665
0.665724511571156 0.0001831903202565 0.333909092100507 0.000183206008079873
0.218778434030819 0.00015132325242895 0.780918827858112 0.000151414858640161
0.764372535201542 0.000189570307271463 0.235248258732394 0.000189635758791913
0.82134116692926 0.000149113073943461 0.178360380526944 0.000149339469851889
0.688901313124176 0.000130337893551034 0.310612859912057 0.000355489070216348
0.795973414470068 0.000133961188759258 0.203758531556821 0.000134092784352449
0.809357990194457 0.000128378862709164 0.190385124080721 0.000128506862112359
0.591345687495842 0.000167864913388967 0.408318471827813 0.000167975762955198
0.800755133992249 0.000191752608500242 0.198860714184919 0.000192399214332447
0.531483027820774 0.000226673804306557 0.467462224048812 0.00082807432610737
0.760217166950289 0.000196006700100725 0.239390835431362 0.000195990918248252
0.948665480017973 6.91296376655008e-05 0.0511960993958567 6.92909485046703e-05
0.818913999663937 0.000155269942037489 0.180775528233247 0.000155202160779087
0.855438139947888 0.000138233018661066 0.144284320077812 0.000139306955638791
0.664855075687186 0.000287163811011826 0.334570563924831 0.000287196576970872
0.417008245767477 0.000178995225606674 0.5826337657286 0.000178993278316676
0.73105500641864 0.000148644035651749 0.268647694087913 0.000148655457794812
0.847870497896975 0.000140496786510592 0.151848553945529 0.000140451370985577
0.88267049656604 0.000126933768143581 0.117075554726055 0.000127014939761624
0.894775277860294 9.60230814668256e-05 0.105032513850978 9.61852072618996e-05
0.682540908899257 0.000139159237139337 0.317180792583459 0.000139139280145187
0.847476406952429 0.000133518330402894 0.15225656766119 0.000133507055978503
0.844810994134315 0.000187687244030525 0.154341405165442 0.000659913456212663
0.726604316154718 0.00013866300599308 0.273118193207258 0.000138827632031027
0.232163121984775 0.000150467170117649 0.767535944079611 0.000150466765496886
0.822598087646452 0.000127974567280838 0.177145671808948 0.000128265977319084
0.635235736757543 0.000160096752641857 0.364443917004123 0.000160249485692363
0.580677596269336 0.000212079981671716 0.418898166229438 0.000212157519554392
0.423965000961262 0.000144842828778963 0.575745176232539 0.000144979977420251
0.768596550542188 0.000123925813996543 0.231155490682704 0.000124032961112138
0.729462928388554 0.00012270093398941 0.270291568391281 0.000122802286176138
0.924875845249495 0.000148220887794405 0.0748276660307845 0.000148267831926341
0.693159675737993 0.000136962662679411 0.306566327778814 0.000137033820512922
0.53041554561111 0.000162818288784268 0.469258755554594 0.000162880545511578
0.540630360922653 0.000229049733372721 0.458911602542543 0.000228986801431343
0.811246909093021 0.000169933537020928 0.188413240456799 0.0001699169131593
0.982446145420333 5.06089058102235e-05 0.0174525978749003 5.06477989565528e-05
0.892981714479746 8.47819486019748e-05 0.106849057557533 8.44460141199143e-05
0.910656071208991 0.000112738743299858 0.08911855964423 0.000112630403479173
0.753359170645875 0.000214028482791019 0.246213034738105 0.000213766133229602
0.40963452682853 0.000139811286854939 0.590085623459281 0.000140038425334422
0.202894402245981 0.000279548500320403 0.796546518979823 0.00027953027387542
0.93703083992562 0.000141880893109781 0.0626853902819675 0.000141888899302999
0.927709724218069 8.78532823182148e-05 0.0721145604761362 8.78620234762866e-05
0.397419281371823 0.000107208235248928 0.602366193738644 0.000107316654284392
0.849744766637261 0.00017228190796176 0.149910718278541 0.000172233176235619
0.371143203233318 0.000178085166496823 0.628500607142841 0.000178104457344327
0.814899236540014 0.000122030980394009 0.184856327124795 0.00012240535479737
0.108888732954794 0.00062723858270099 0.888491575202382 0.00199245326012335
0.885454920006364 0.000107005070567152 0.114330683468957 0.000107391454111654
0.94551157322781 2.89640258369804e-05 0.0544305425759442 2.8920170408873e-05
0.900810166299899 5.69808691971708e-05 0.0990759775174729 5.68753134309586e-05
0.565381839574688 0.000172693371798812 0.43427278248016 0.000172684573352668
0.830617974085326 0.000170508075645925 0.169040998951554 0.000170518887473822
0.943340341657742 0.00010420303382262 0.0559068470648189 0.000648608243616622
0.630942800424188 0.00014370371092382 0.368770051848371 0.000143444016517476
0.86102257172693 0.000109708264222064 0.138757947571523 0.000109772437324888
0.925475239459508 0.000120274351984525 0.0742841393849247 0.000120346803582758
0.747343698507938 0.000152396193892306 0.252351551884116 0.000152353414053678
0.696038872231581 0.000132644464708054 0.303695794926059 0.000132688377651534
