0.286715991712683 0.00349999008819799 0.702680976970546 0.00710304122857304
7.99981021125413e-05 0.00154076426543585 0.997549324757449 0.000829912875002743
0.391102268533461 0.000155348445707535 0.608586459684019 0.000155923336812239
0.0340448304011858 0.000234779856480392 0.965606994108794 0.000113395633539705
0.105993654800786 0.000137184113685337 0.89349092942135 0.000378231664177993
0.363601635192364 0.000171115258694306 0.636055911417629 0.000171338131311874
0.612227764357166 0.000174659149148671 0.387422919337125 0.000174657156560299
0.245768036319919 0.000150800854867459 0.753930358096812 0.000150804728402426
0.00925147347682741 0.000145552531357729 0.990457439389369 0.000145534602445537
0.210043381841372 0.000132891631397419 0.78969083097533 0.000132895551900141
0.255686497591164 0.000545454537324745 0.742489778873345 0.00127826899816606
0.470229091321814 0.000168513693539377 0.529432206572619 0.000170188412028417
0.610944620252841 0.000293165820270691 0.388277017660869 0.000485196266019227
0.47909023495151 0.00145872083327035 0.517014716641253 0.00243632757396619
0.0386406843495709 0.000105056460790137 0.961149323815843 0.000104935373795599
0.000511625445009616 0.201026521411508 0.415982660192988 0.382479192950495
0.00251057475519486 0.411056853885383 0.199076968778082 0.387355602581341
0.45577530704215 0.000264186057268193 0.540584297441462 0.00337620945911994
0.504906154890051 0.000215901683495112 0.49466245977709 0.000215483649364103
0.459444575379508 0.000156667093125427 0.540241249719811 0.000157507807555506
0.829259542273724 0.000175822319807376 0.170388705224784 0.000175930181684072
0.019243050054544 8.90243839458377e-05 0.980498814505024 0.000169111056486647
0.0193575084671023 0.00047490071516482 0.979971999049627 0.000195591768106228
0.922854099716065 0.000194501992522202 0.0767570114107239 0.00019438688068845
0.000201095210202565 0.000569129956239679 0.99731878536431 0.00191098946924786
0.0602069767157764 0.000309916821375481 0.939079063848314 0.000404042614534183
0.0100947913861542 7.84476587294725e-05 0.989748301247401 7.84597077153152e-05
0.675493984739283 0.000197769861438683 0.32411026759144 0.00019797780783858
0.215428877528514 0.000517209755879102 0.781383223176715 0.00267068953889101
0.548962303477939 0.000279508315407348 0.450478641857052 0.000279546349601024
0.308709870080435 0.000196712880594533 0.690896306181496 0.000197110857474392
0.491354793808449 0.000160003938510418 0.508325160859852 0.000160041393188783
0.408989931085707 0.000138176609507639 0.590734007648581 0.000137884656203741
0.0807156921058361 0.0171448547987563 0.887742901458916 0.014396551636492
0.114230665008565 0.000186967673071073 0.885029120594031 0.000553246724332843
0.000286829362555282 2.78242324704814e-05 0.999657520409095 2.78259958788323e-05
0.228423272475927 0.000132131431770105 0.771312704071928 0.00013189202037496
0.735357644032131 0.000170367182741413 0.264305869325814 0.000166119459313498
0.539056997058436 0.000189270226470159 0.46056457720928 0.0001891555058139
0.455183584331987 0.000133247052477279 0.544549806918632 0.00013336169690398
0.255169747580406 0.000173027312431438 0.744484191151009 0.000173033956152911
0.120882794786487 8.76621308424034e-05 0.878942050471427 8.74926112438771e-05
0.0424684267447499 0.000109113056608162 0.957313336281273 0.000109123917369344
0.036782938474466 7.11017902642256e-05 0.963074826860715 7.1132874554784e-05
0.918467863201778 8.61595769419269e-05 0.0813597829828078 8.61942384725332e-05
0.0177768120578797 0.000154451193740815 0.981304553728234 0.000764183020145325
0.4363463345066 0.000213008912053309 0.563227661701282 0.000212994880064563
0.0211634453031974 6.1488394598622e-05 0.978713641629483 6.1424672720714e-05
0.858893743623571 0.000149947596736129 0.14080635310143 0.000149955678262948
0.378551201230673 0.000221432091918517 0.62100589754115 0.000221469136259034
0.000669826679563213 4.60009117553917e-05 0.99923815381284 4.60185958414385e-05
0.498642877152938 0.000283314887140444 0.500790462517127 0.00028334544279435
0.120356339794048 8.19059239480532e-05 0.879479845458458 8.19088235455424e-05
0.0485504264584787 0.000100305484987115 0.951248959207134 0.000100308849400352
0.531779385693231 0.000144693230295453 0.46793118530098 0.000144735775493602
0.454213444608757 0.00014094257536383 0.54550460107663 0.000141011739249077
0.402537936657496 0.000222023141484246 0.597018444540522 0.000221595660497244
0.285974953372521 0.000180429726181119 0.713343522845739 0.000501094055558535
0.333282956310332 0.000160269876781876 0.666396523488661 0.000160250324225145
0.0627526448788519 0.000631877336469501 0.93644560453833 0.0001698732463482
0.371829141199259 0.00024378412405378 0.627683217378889 0.000243857297797588
0.00843863628950289 5.87393470862578e-05 0.991443930365241 5.86939981702626e-05
0.261036071210772 0.000112904334339582 0.73873739997113 0.000113624483758453
0.067197123417404 0.000165171437901068 0.923281016146932 0.00935668899776323
0.397205071218069 0.000204480234563786 0.602386095738574 0.000204352808793046
0.645756461119683 0.000177268664267001 0.353889261988896 0.000177008227154386
0.589955520902099 0.000133128074937484 0.409778033199284 0.000133317823679776
0.62606178809181 0.0001974886384776 0.373541797086147 0.000198926183565657
0.0241646507232175 6.02383822464252e-05 0.97571494693041 6.01639641261101e-05
0.0390957285570789 0.000245057812723054 0.960350526102511 0.000308687527686793
0.165785366266233 0.000263891114965017 0.831401698675167 0.00254904394363473
0.0156271600524837 9.98552255292572e-05 0.984173136040832 9.9848681155349e-05
0.15894496487386 0.000388697046772006 0.839408263572847 0.00125807450652155
0.374029738984561 0.000340044190661695 0.625290484241 0.000339732583776789
0.147602561527996 0.000201090736751619 0.851995261571543 0.000201086163708638
0.518638596530555 0.00023249631435801 0.480896370234676 0.000232536920411456
0.336211565207608 0.000129471052129431 0.663530219287892 0.000128744452370451
0.72534879161768 0.00018559500798197 0.274279982566666 0.000185630807672376
0.841221687728785 0.000108246754976959 0.158561829324829 0.000108236191408972
0.0107474928103169 0.00012118924657615 0.988962455655492 0.000168862287614606
0.499941988641759 0.000233128142289748 0.499591753945288 0.000233129270662847
0.319685869634075 0.000131250463593563 0.680051396714397 0.000131483187934838
0.442766990123424 0.188117986158289 0.25505058040314 0.114064443315147
0.34892797885102 0.000176279826006307 0.650719512277786 0.000176229045187817
0.00983993133972429 5.84055204313542e-05 0.989220344855124 0.000881318284720723
0.00085750979503208 5.89985800935215e-05 0.998979170780093 0.000104320844781377
0.325293489573623 0.000183135532839929 0.674340067831598 0.00018330706193933
0.299701050156232 0.000180935761562701 0.699937048600987 0.000180965481218352
0.00281647704630401 0.000551597665756284 0.996181155662374 0.000450769625566071
0.339759560366818 0.000186030751967891 0.659868386988942 0.000186021892271893
0.305440394932693 0.000163203626723317 0.694233376110552 0.000163025330031469
0.000453656814365488 0.000194481857172488 0.998917321472816 0.000434539855646006
0.293577306606879 0.000194997337010393 0.706031859705179 0.000195836350930958
0.616302036179814 0.000146188379553814 0.383405840925777 0.000145934514854684
0.0118775695882654 0.000111398992518839 0.985526022470415 0.00248500894880067
0.447850100024775 0.000172505233844024 0.551805000181888 0.000172394559493263
0.638697067239778 0.000298171943771788 0.360705016465871 0.000299744350579106
0.0395245113436127 8.04265347510175e-05 0.959753300727031 0.000641761394605649
0.115357057372221 9.54881311606377e-05 0.884452455553696 9.49989429221302e-05
0.365749435599898 0.000128307766189737 0.633993905330449 0.000128351303463994
0.176310922996663 0.000131871237824382 0.823425304340717 0.00013190142479526
0.343914784431407 0.000223566656363603 0.655637738040026 0.000223910872203334
0.559650345888675 0.000162535687049671 0.44002456823611 0.000162550188165397
0.00293345848059831 9.37594350648247e-05 0.996666002471584 0.00030677961275249
0.0028721152520155 0.511879383402037 0.0457441116878931 0.439504389658054
0.618465208398084 0.000158468142359394 0.381217983782971 0.000158339676585332
0.0773383245236968 0.000142657208723961 0.922345454966316 0.000173563301263592
0.531841366506966 0.000161307822650464 0.467836051313807 0.000161274356576668
0.873540541785415 0.00015457238234393 0.126150366067351 0.000154519764890162
0.309055043585801 0.000370961214573049 0.69003581414103 0.000538181058595437
0.50664047227909 0.000169477345423633 0.493020637584553 0.00016941279093342
0.124259383460892 0.000113240789473242 0.875514069619602 0.000113306130032807
0.160838180077932 0.000158765040836562 0.838844295793304 0.000158759087927359
0.0675596659302016 0.000232975851677976 0.931768541201731 0.000438817016389057
0.000965037296535208 7.35063474909473e-05 0.998460020903952 0.000501435452021388
0.728591744177629 0.000138022140294675 0.271132274954347 0.000137958727728825
0.452749186865792 0.000202811392669924 0.546084015591829 0.00096398614970932
0.0147362064451154 8.55907074993244e-05 0.9849338165152 0.000244386332184973
0.771846519421857 0.00016297360886233 0.227827335587005 0.000163171382275548
0.799131257300316 0.000142684539402808 0.200583704379101 0.000142353781180139
0.000999400372138728 3.39949169631677e-05 0.998932609547161 3.39951637370091e-05
0.173108460214514 0.000792247507534579 0.822929643973496 0.00316964830445537
0.501347773526053 0.000165251253019736 0.49832154660351 0.000165428617416794
0.00239846333487443 4.42518557954043e-05 0.997449064125862 0.000108220683468662
0.000660994635489255 0.121820883857752 0.718984569035039 0.15853355247172
0.70607772927503 0.0001571088574521 0.293608216833147 0.0001569450343702
0.340748759401787 0.000158361223814748 0.658934611568238 0.000158267806160324
0.156949050595324 0.000159840998584839 0.842730916418442 0.000160191987649396
0.106823949237617 0.000352793075026037 0.892069069697905 0.000754187989452035
0.132458232470642 0.0400709311114351 0.798692850077224 0.0287779863406987
0.167714891023076 0.000117918253666313 0.832049099637426 0.00011809108583155
0.260467835402265 0.000151778822542056 0.739228579084354 0.000151806690839352
0.0953111277853506 0.00053553281333874 0.903144612136473 0.0010087272648379
0.225248943067587 9.49942914433792e-05 0.774561170361324 9.4892279645278e-05
0.0287687147760508 2.78237632127332e-05 0.971175699196289 2.77622644477972e-05
0.342854399317218 0.00106083280074322 0.653508032730293 0.00257673515174536
0.471879311789658 0.000152323579657422 0.527816114071351 0.000152250559333277
0.667884705853886 0.000143756886722198 0.331384017854013 0.000587519405379116
0.849143347478718 0.000140711823445931 0.150575212793645 0.000140727904191326
0.610514186758419 0.000173394659296661 0.38913906923397 0.000173349348314478
0.525573128056977 0.000135940273879708 0.47415510961167 0.000135822057473958
0.000268245004956086 0.391860939075893 0.116340632935881 0.491530182983269
0.66403552859301 0.000110830929894437 0.33574252844584 0.000111112031255628
0.0127783633672863 0.000490351038968648 0.986230534697987 0.00050075089575763
0.00139408395662181 0.0753177870347958 0.833823252427674 0.0894648765809084
0.448611985645964 0.000228007248618723 0.550931191911078 0.000228815194338581
0.211285868373329 0.000163894941860112 0.78838633207539 0.000163904609420823
0.191133228556046 0.0969898583700729 0.635519022284774 0.0763578907891074
0.300174592805317 0.000300348530836172 0.69801228021532 0.0015127784485269
0.615536638514407 0.000133726127953543 0.384195826966787 0.000133808390851953
0.00510974315859221 0.00113253064287613 0.992340261974163 0.00141746422436857
0.502952610801258 0.000174393532506242 0.496351886626418 0.000521109039818448
0.113727355869447 0.000133456063130402 0.886005685707352 0.000133502360070078
0.359776154259613 0.00020094272807878 0.639821943276776 0.000200959735531683
0.00526578260365236 6.97513524324148e-05 0.994594768090347 6.96979535680516e-05
0.00555480431051175 3.52280737845638e-05 0.994374731228803 3.52363869009058e-05
0.20213489797127 0.000145193202107743 0.797574574583102 0.000145334243520154
0.635062272438093 0.000262261433134037 0.364413185162731 0.000262280966042097
0.920081211544861 0.00012995864761733 0.0796588579602238 0.000129971847297688
0.275715121361922 0.000253120251771433 0.723778879203614 0.000252879182692289
0.449856033837978 0.000148483328888012 0.549846791183811 0.00014869164932329
0.20892951384967 0.000130854950543117 0.790808745161848 0.000130886037939334
0.318067313899611 0.000168663560101525 0.681595048481648 0.00016897405863968
0.872780121667008 9.81249875047801e-05 0.127023579568798 9.81737766896667e-05
0.509605230198083 0.000269433389553196 0.489855900177916 0.000269436234447131
0.00728844355326815 3.55257472027408e-05 0.9926405981673 3.54325322290074e-05
0.274275292940974 0.000165566638914088 0.725393439839355 0.000165700580756301
0.999108289778241 4.87209895528733e-05 0.000794272658253485 4.87165739528844e-05
0.15625894903252 0.000156079168127106 0.843428757911028 0.00015621388832524
0.0848747596672311 8.01154952930187e-05 0.913897490095193 0.00114763474228248
0.122943490921961 0.000144934135463251 0.876766199523888 0.000145375418688511
0.00758842545073141 6.33161333648092e-05 0.99210118241695 0.00024707599895367
0.0494550515118957 8.08274684687634e-05 0.950383309229243 8.08117903923002e-05
0.232968069533398 0.000166288339872415 0.766699382213719 0.000166259913010358
0.423505544000023 0.000159702027816132 0.576175167199045 0.00015958677311632
0.37237122610895 0.000130282657099334 0.627368609142879 0.000129882091071705
0.161086021868302 0.000166886813262985 0.838338180093566 0.000408911224869216
0.463004127884786 0.000148081783174854 0.536699675184368 0.000148115147671049
0.818250584644732 0.000131673104853811 0.181486039026897 0.000131703223516412
0.0264873924363017 0.00014210265107081 0.973228409057353 0.000142095855274852
0.14400740957974 0.000116994134327041 0.855758624441829 0.000116971844103914
0.4563014305986 0.000174584657306724 0.543349324221184 0.000174660522908953
0.0085312015086451 0.000240343665031444 0.990733996122136 0.000494458704187542
0.468447285537473 0.00013456894804385 0.531283663811261 0.00013448170322208
0.699446207596726 0.000321165769041621 0.298976490129142 0.00125613650509022
0.19946393807528 8.31416705914582e-05 0.800369918560131 8.30016939979481e-05
0.0790242093031705 8.72862715360099e-05 0.920592326398167 0.000296178027126564
0.141266970569637 0.000116509814155934 0.858499980045146 0.000116539571061781
0.0675168945544189 0.000117617183787866 0.93224821989471 0.000117268367083044
0.0458842721835865 8.02220340070821e-05 0.953955282507498 8.02232749080379e-05
0.19924373692242 0.000167620663262912 0.800206834108342 0.000381808305974983
0.0435448028360197 0.000144609057470277 0.956165950834901 0.000144637271608853
0.794580697507393 0.000118161965467905 0.205183027618838 0.000118112908300778
0.0301733930984829 0.00010450008184175 0.969617610210247 0.00010449660942806
0.0894475826166163 0.000123458594691142 0.910305507145467 0.00012345164322559
0.0264720809572617 0.0677242291482492 0.834324049153138 0.0714796407413516
0.82035372339906 0.000157406689625078 0.179331661516099 0.000157208395215942
0.601832643956261 0.000218602698292667 0.397729445718117 0.000219307627329757
0.744332395739786 0.000150452407061905 0.255366754077768 0.000150397775383842
0.00190353701776539 6.48105620548497e-05 0.997751949644517 0.000279702775662524
0.233062467895707 0.000123575932069434 0.766690264242787 0.000123691929437281
0.00418061744719729 0.456335476093328 0.0523745427078564 0.487109363751619
0.817015726055714 0.000182696996257762 0.182618779910809 0.000182797037218973
0.259736976653067 0.00015678359762339 0.739949506166483 0.000156733582826426
0.751498689592732 9.57347755876168e-05 0.248310022870325 9.55527613548494e-05
0.656944661597601 0.000195371625031966 0.342664166368678 0.000195800408688579
0.690419283495324 0.00015392671621702 0.309272411489793 0.000154378298665704
0.347630833169278 0.000232279651532733 0.651904567667516 0.000232319511672595
0.552630515805882 0.000148340159863726 0.44707275229665 0.000148391737604345
0.212810742093722 0.000159073865226153 0.786870996372107 0.000159187668944698
0.0660485019525369 0.000140535914631354 0.933670275260744 0.000140686872087433
0.230680642124467 0.000132925934818509 0.769053512895794 0.00013291904492002
0.398002956655658 0.000352340095899343 0.601292361194215 0.000352342054228319
0.25102766636797 0.00015834766812504 0.748248359053845 0.000565626910059995
0.893887688515719 0.000107699772587807 0.105897202102676 0.000107409609017228
0.508981872688683 0.000169926569914096 0.490422583392683 0.000425617348720624
0.311904894039678 0.000135076099747181 0.687824867602092 0.000135162258482973
0.018318054269003 3.58234199140908e-05 0.981610240687058 3.58816240247949e-05
0.77655045721052 0.000176600046343329 0.223096139005486 0.00017680373765092
0.584270470370842 0.00019418240691683 0.415341194131567 0.000194153090673958
0.620351719800526 0.000159362999510348 0.379329576802308 0.000159340397655342
0.511042656618672 0.000222324882876628 0.48851276274066 0.00022225575779223
0.290401827990748 0.000141097017419463 0.70931615658723 0.000140918404602565
0.00233344018783595 4.94390160668972e-05 0.997567686621106 4.94341749912728e-05
0.000411328818306058 0.39923731761362 0.064969967388823 0.535381386179251
0.588591424143747 0.000151137716979622 0.411106486597157 0.000150951542115699
0.103327472457098 0.00011602672872699 0.896440402499546 0.000116098314628832
0.0490897688448141 0.000156293396467829 0.950411056608549 0.000342881150169286
0.127767137758726 9.20562699426376e-05 0.872048724405197 9.2081566134705e-05
0.848980306997621 0.000127696748415926 0.150764544646086 0.000127451607877059
0.000266371593162843 0.000559737577743074 0.998229073036901 0.000944817792192784
0.695715853334371 0.00020843724240642 0.303870443999279 0.000205265423943993
0.00542966104255547 0.00134926945130036 0.990976934497647 0.00224413500849695
0.112585456925577 0.000154251567163606 0.887106484431325 0.000153807075934643
0.363100105992861 0.000231753358175348 0.636436350543241 0.000231790105722224
0.408324312310262 0.000190135176035728 0.591295438150852 0.000190114362851003
0.0973255929823708 8.51556684080385e-05 0.902504098383803 8.51529654180506e-05
0.640225304400578 0.000123712696561731 0.359527292333231 0.000123690569629298
0.0507688902615561 6.35761154205011e-05 0.948304907275053 0.000862626347969992
0.264953176373688 0.000147523750279939 0.734751695390911 0.000147604485120426
0.18677492988683 0.000129254331637536 0.812966684961372 0.000129130820159973
0.200377061398758 6.34845755297729e-05 0.799495602618689 6.38514070232125e-05
0.494491414484981 0.000230910262997158 0.504776825179896 0.000500850072125964
0.761004831674658 0.000139294298384511 0.2387165958956 0.000139278131357251
0.429733645545525 0.000204123527447689 0.569858779162852 0.000203451764176125
0.0563893216527847 8.8451710234271e-05 0.943434133694185 8.80929427958687e-05
0.961224136724449 8.1285715821241e-05 0.0386144897487426 8.00878109867396e-05
0.145576744868708 0.000233829441950217 0.853031445682202 0.00115798000713953
0.0839550462975295 0.000226693716993744 0.915591341011315 0.000226918974161407
0.317227460921108 0.000174032568617069 0.682424062701038 0.000174443809236338
0.968098530574892 0.000135894246374935 0.0316297839373858 0.0001357912413468
0.772572224122693 0.000160229868247188 0.227107429134045 0.000160116875015095
9.81196588789482e-05 0.000714960599599844 0.998864982877215 0.000321936864305785
0.0615440668059765 0.000105904408945618 0.938244186107813 0.000105842677264723
0.395090481211034 0.000145165318475679 0.604619012583724 0.000145340886765702
0.202751113351074 0.000240880915173237 0.796767082529523 0.00024092320422914
0.471401729752438 0.000209126037520466 0.52817991319833 0.000209231011711384
0.0033342459540905 0.00130173592671272 0.991940417493447 0.00342360062575031
0.243704639601933 0.000334088079256523 0.755134164687294 0.000827107631516812
0.452306183978191 0.000126947723620374 0.547439853013828 0.000127015284360413
0.0824731149563301 0.000220065766130683 0.917086808108153 0.000220011169386509
0.550307574102934 0.000144313707114393 0.44940400874764 0.000144103442311517
0.833623613627986 0.000138246461047017 0.166099694114287 0.000138445796680157
0.820181246477582 0.000149704560613338 0.179520329408213 0.000148719553591557
0.145238970671117 0.000167619007850921 0.854426268261138 0.000167142059894398
0.529117479828719 0.000130935597572317 0.470620626896902 0.000130957676807148
0.54356368244082 0.000238499481471311 0.455959029913431 0.000238788164277476
0.277228531096293 0.000239231677390045 0.722292879898975 0.000239357327342058
0.408555795058422 0.000230025779443167 0.590983959412537 0.00023021974959751
0.397325862292937 0.000167850958026659 0.602338360147938 0.000167926601098385
0.423142801172402 0.000163535499731773 0.576530119857011 0.000163543470854821
9.65392073505129e-05 0.000639870138278274 0.998405272673094 0.000858317981277655
0.121619558692837 7.06747844112863e-05 0.878239096900304 7.06696224477072e-05
0.0683442931624455 0.000127320626073934 0.931401066818087 0.000127319393393662
0.125861167586001 8.76845905835445e-05 0.873963206293178 8.79415302369128e-05
0.238706072014999 9.92373389742283e-05 0.761095343094415 9.93475516122495e-05
0.182946781177233 0.000117476223575367 0.816818145980505 0.000117596618686587
0.152932785947186 0.000150506080185962 0.846765155656181 0.000151552316446888
0.0268512099236258 0.000109955599255098 0.972928894583143 0.00010993989397651
0.460967981586457 0.000242919596075167 0.536047068627282 0.00274203019018658
0.0257744139116895 0.00194630136195629 0.96777487378754 0.00450441093881414
0.135255610200891 0.000556782694739838 0.864018160792916 0.000169446311453156
0.167249771366184 0.000175246287988134 0.832399704194539 0.000175278151288842
0.148811283074688 0.00015226655300526 0.850844021750792 0.000192428621514813
0.647429282010375 9.28323032538925e-05 0.352384708781342 9.31769050294851e-05
0.150466019498935 0.000231815570286713 0.849070000189792 0.000232164740986384
0.509142459249939 0.000139634767353345 0.49057818544496 0.000139720537748304
0.212389970882164 0.0189020549903326 0.734962607537126 0.0337453665903778
0.000620916504947707 7.20796182219283e-05 0.999234913023403 7.20908534275146e-05
0.117746815020923 0.000150847846532673 0.881944901441636 0.000157435690907814
0.582070142159122 0.000145503886133358 0.417638222490908 0.00014613146383715
0.165236977552239 0.000147149610212325 0.834180410325913 0.000435462511635368
0.222959500054836 0.0913156038862158 0.614788002199523 0.0709368938594251
0.00269177551839806 0.000245455910833568 0.99647187141691 0.000590897153858269
0.608567118683445 0.000170859377923552 0.391091226258799 0.000170795679832688
0.735203524533641 0.000154499333329266 0.26448716801188 0.000154808121149487
0.749197940903497 0.000105929358469875 0.250590466253066 0.000105663484967172
0.0733118330072625 0.000144725060701469 0.926398567864225 0.000144874067811092
0.113915208545632 0.000136838304970509 0.885811109384128 0.000136843765269309
0.172958053780368 7.49778588197055e-05 0.826892545055456 7.44233053562726e-05
0.0662663927860479 0.000117104589531241 0.933499603292714 0.000116899331706496
0.0817636565030059 0.00018785731933327 0.917612526691645 0.000435959486015623
0.103249130335051 9.63976358939905e-05 0.896558148022556 9.63240064993342e-05
0.190589248927764 0.000166117072809245 0.809078455101802 0.000166178897624758
0.0180169003999164 0.000992098319509582 0.978853512486907 0.00213748879366675
0.0717508191879553 0.000108159736283548 0.928032867995604 0.000108153080156876
0.265388692875926 0.000138258674907783 0.734334782011262 0.000138266437904255
0.227449086477766 0.000198325630239737 0.772154122762919 0.000198465129075788
0.00248641092939688 0.00230440838738256 0.993784160830083 0.00142501985313745
0.485883141766151 0.000205451500710909 0.513705739479451 0.000205667253686633
0.0602799950530172 0.0030198915345679 0.927577731458168 0.00912238195424648
0.409502841993588 0.000179035464232888 0.590139131068592 0.000178991473587722
0.515045363951893 0.000190197819340383 0.484574198361034 0.000190239867732794
0.0495434985790996 7.95767247271657e-05 0.950297541203079 7.93834930937927e-05
0.341522828077749 0.000477227834546065 0.564357508285153 0.0936424358025517
0.910644171043092 0.000121496951315575 0.0891130863370844 0.000121245668507683
0.874793437927942 0.000106045127230982 0.124994402381155 0.000106114563672451
0.138157283012769 0.000627090726229179 0.860295252800646 0.00092037346035589
0.868685157003996 0.00013904129166772 0.131036114085205 0.00013968761913137
0.765542662993404 0.000188756726602549 0.234079844410337 0.000188735869656632
0.281072318560023 9.45299973372052e-05 0.718738628007346 9.45234352934973e-05
0.000501026425536747 3.7442460050721e-05 0.999424091192765 3.74399216478451e-05
0.394594319884199 0.000221955438831087 0.604961748020762 0.000221976656208526
0.00372840489146637 4.51063522247263e-05 0.996181393150791 4.50956055176142e-05
0.000173505476878838 0.528028582812805 0.00310476046444069 0.468693151245876
0.144305289087269 0.000125580856707161 0.855443489671215 0.000125640384809067
0.0355600797416365 0.000119953691526018 0.964200003876335 0.000119962690502626
0.812353124844111 0.000127801332439867 0.187391165372323 0.000127908451125902
0.291380593616761 0.000158004869816885 0.708303609656691 0.000157791856730975
0.417787417943641 0.000174781822091694 0.581862473762999 0.000175326471268342
0.233334152526679 0.000122061364814716 0.7664217584705 0.000122027638006438
0.716468389860458 0.000167819789255926 0.283015007710395 0.000348782639890818
0.00411503187577702 0.00050399911255101 0.993738483610585 0.00164248540108729
0.0145029116500544 5.54357012719451e-05 0.985386219158712 5.5433489961924e-05
0.000348325027260161 0.000140625908727982 0.999251805243643 0.000259243820369088
0.122222463934982 0.000160700522653521 0.877457169030466 0.000159666511898425
0.665900638888283 0.000184259055547742 0.333730826282958 0.000184275773211311
0.483013240882459 0.000255453938827835 0.516028664290118 0.000702640888595622
0.0257245348904636 0.000130237554198018 0.974014997166535 0.000130230388802955
0.00476874492652633 7.39963428482007e-05 0.995045733072487 0.000111525658138315
0.0314395200950517 0.00104717586993956 0.967327651154222 0.000185652880787073
0.314448271974131 0.00305298533361544 0.674091442144514 0.00840730054774024
0.0249590781748038 7.64990065705832e-05 0.974887928129024 7.64946896014082e-05
0.541149529884493 0.000177739307748439 0.458495193285118 0.000177537522640208
0.588138975494434 0.000161445801648338 0.411538344296318 0.000161234407600189
0.000378480713705659 8.45298243593887e-05 0.999452466577746 8.45228841891247e-05
0.657433380061969 0.000157456228983372 0.341716988114976 0.000692175594071777
0.735428256148892 0.000357082027890699 0.2638575452942 0.000357116529017483
0.0412759253931008 0.000143318788269375 0.958188148791845 0.000392607026784582
0.0521737727765395 0.000243623104193726 0.943934013066767 0.0036485910524993
0.233832979896477 0.000155952518245227 0.765854864825145 0.000156202760132782
0.760165426532583 0.000229048269286538 0.239376750039739 0.000228775158392006
0.330887124032618 0.000222819757038964 0.668667233035006 0.000222823175336965
0.367423611755019 0.00019483449216282 0.632186766350453 0.000194787402365303
0.000127098151017042 0.000847762712470229 0.997943011775378 0.00108212736113503
0.874874096156243 0.000112398414605255 0.124901136287387 0.000112369141764666
0.649172371142896 0.000179668830646182 0.350468357602616 0.000179602423841634
0.739862741388297 0.000116085249297789 0.259905051783016 0.000116121579389256
0.696670336566237 0.000150330112629587 0.303029294775194 0.000150038545939379
0.380688752208246 0.000199299767040453 0.618912536806265 0.00019941121844791
0.00175030261239325 4.70223006915695e-05 0.998155655198052 4.70198888633811e-05
0.327502758061956 0.000103847838133249 0.672289454128795 0.000103939971115724
0.136290419943229 0.000224600886066711 0.863260014673727 0.000224964496977263
0.00234518784765349 0.00110813029718347 0.981919362568337 0.0146273192868258
0.000309210857247088 3.83481688569275e-05 0.999554421928364 9.80190455316678e-05
0.00100624993706986 4.59456245559695e-05 0.998465405266389 0.00048239917198508
0.529761624828818 0.000193923390675945 0.469850535650075 0.000193916130430924
0.319460556005081 0.000144591538297942 0.680250285558384 0.000144566898237043
0.128617361989308 0.0010097726424002 0.862737316211713 0.00763554915657899
0.476224463518548 0.000213760790875374 0.5233480148081 0.000213760882476094
0.251695081834542 0.000310817178729156 0.747778161278171 0.000215939708558191
0.0830367712882725 0.00551258256490244 0.903121478592081 0.0083291675547442
0.0064645547217254 0.00250775273754106 0.989278630895684 0.00174906164504905
0.848963998380577 0.000155473001725755 0.150725217213435 0.000155311404262515
0.434359101061978 0.000331732839627786 0.564977505083277 0.000331661015117143
0.419790390770189 0.000175444197934804 0.579858695686502 0.000175469345373806
0.742397994322994 0.000181641023680698 0.257238644915828 0.000181719737497359
0.00058414205516377 2.26590713879891e-05 0.99937053774342 2.26611300280629e-05
0.0104268597661805 0.000208005248944918 0.989127458927613 0.000237676057262056
0.137357587736711 0.000119866446396646 0.862402699266165 0.000119846550727393
0.481636505111547 0.000118889397190056 0.518124833734519 0.000119771756744034
0.0447024408206171 8.73427979406284e-05 0.955122869430002 8.73469514401154e-05
0.332170156328728 0.000193659671677119 0.667442969770643 0.000193214228952727
0.662362460849195 0.000149097843372093 0.337339430650646 0.000149010656787004
0.0901699436410381 0.00334203735767953 0.906345697097022 0.000142321904260277
0.337688034832073 0.00016033661398854 0.661991439339471 0.000160189214467029
0.0319102906130434 8.40642166559482e-05 0.96792164370056 8.40014697409379e-05
0.153709622870311 0.000135584389952428 0.845975905877051 0.000178886862685066
0.288346463654624 0.000169586538470272 0.711044612029424 0.000439337777482061
0.0855611122125578 0.00907082949600487 0.883395608862677 0.0219724494287606
0.11490354332223 0.000122294691740273 0.884793571208666 0.000180590777363753
0.662428297277635 0.000152519995776276 0.337267041050019 0.000152141676569926
0.507384889956443 0.000242672417618464 0.492129802378711 0.000242635247227083
0.053265327383667 6.0673909833718e-05 0.946613280439724 6.07182667752586e-05
0.123154982661752 0.000112608365326177 0.876619879861867 0.00011252911105488
0.0599085193809153 8.50810139017633e-05 0.939921320636659 8.50789685240514e-05
0.0050976207852821 0.00231446617835573 0.989438937065472 0.00314897597089065
0.657401191795 0.00016606289270678 0.342266557823959 0.000166187488334295
0.391539012807655 0.000171656936082135 0.608117577660755 0.000171752595507299
0.849510451446379 0.000163432256439945 0.150162627270486 0.000163489026695181
0.467787540185567 0.000248905119347843 0.531714655917639 0.000248898777446197
0.182092553946246 0.000159789516027053 0.817587802657556 0.000159853880170672
0.00134131187707453 4.61478018105543e-05 0.998566393953093 4.61463680221943e-05
0.0797548261919941 5.91986872045722e-05 0.920126805306661 5.91698141400409e-05
0.124891707753547 0.00109818556951207 0.873172201052058 0.000837905624883563
0.1040604371266 0.056302823742894 0.811905703879338 0.0277310352511683
0.0640360876188936 0.000123634460984594 0.935716543876681 0.000123734043440804
0.00100795594495902 0.246279834115915 0.54545216448195 0.207260045457176
0.209902917410043 0.00023713648942789 0.789623235525335 0.000236710575194572
0.241560216098627 0.000228101900828617 0.75798328358697 0.000228398413574389
0.0815829150228073 0.000132291303938868 0.918152493216595 0.00013230045665924
0.387349405503305 0.000188967958771051 0.612272969248912 0.000188657289011356
0.264134724133581 0.000181203363109028 0.735502407181255 0.000181665322055274
0.0510597495708087 9.03297436527899e-05 0.948759596100992 9.03245845461204e-05
0.780698630838656 0.000120512693819363 0.219060265434773 0.000120591032751651
0.624806624261036 0.000146037773207036 0.374901548066257 0.000145789899499963
0.0104638177547757 5.97268840993563e-05 0.989416713186466 5.97421746585967e-05
0.292785085646289 0.000131782604568076 0.706951292561739 0.000131839187403874
0.35276500180994 0.000251051921572594 0.646732902739225 0.000251043529262655
0.07475785563745 0.000128025611283705 0.924986205361977 0.000127913389289605
0.140957769588082 0.000156165548872782 0.858730037395507 0.000156027467538661
0.330297002704367 0.00011975100907086 0.669463114680817 0.000120131605745802
0.00229533580671409 6.75444569726652e-05 0.997551685972074 8.54337642393587e-05
0.00314975441901601 4.33144837482617e-05 0.996763643913163 4.32871840726237e-05
0.0166648595006513 5.47466749052484e-05 0.98322568548766 5.47083367829493e-05
0.106589434942113 0.000153889279857391 0.886580396727392 0.00667627905063729
0.171927187049245 0.000137257869614462 0.82779827809509 0.000137276986050605
0.0433733854698606 5.35639878010024e-05 0.956275989832485 0.000297060709853338
0.618846733841676 0.000164991321750859 0.380823855829302 0.000164419007271177
0.80892396172421 0.000150977388543967 0.190774094752801 0.000150966134444544
0.758691455694994 0.000184917624419008 0.240938864224814 0.000184762455772932
0.000955924320395469 8.68650157297696e-05 0.998854751887954 0.000102458775921163
0.187535198378518 9.71642260610554e-05 0.812270496977178 9.71404182426633e-05
0.186688614263902 8.00729054466364e-05 0.81315127941344 8.00334172116943e-05
0.452482222219094 0.000157816142526 0.547202141749627 0.000157819888752976
0.100950250025809 9.58839878879768e-05 0.898857985395295 9.58805910080815e-05
0.294075643973168 0.000627383690947963 0.705126890512938 0.000170081822946661
0.715594629389223 0.000124952747291587 0.284155474191667 0.000124943671817909
0.318125354941209 0.00483022208608456 0.671709290651778 0.00533513232092909
0.123465894478649 0.000109279196278223 0.876315377575177 0.000109448749895879
0.745601778706175 0.00014672440551418 0.254104595275548 0.000146901612762741
0.167145669749183 0.000144477844567343 0.832565386777194 0.000144465629055763
0.649126720861877 0.000149294274282241 0.350574693178875 0.000149291684965223
0.613081737629845 0.000131837509620987 0.3866545705256 0.000131854334933868
0.118560333101452 0.000139990944038845 0.881159826432582 0.00013984952192742
0.855548078880507 9.14193549726809e-05 0.144269109075532 9.13926889882365e-05
0.164085599926366 0.000481956384783038 0.832973876082801 0.00245856760604981
0.211277757272734 0.000158442672142333 0.788405356992191 0.000158443062932587
0.694108807204381 0.000258327740036711 0.30537454621069 0.000258318844892798
0.324645190665091 0.000149492659401105 0.675055838573144 0.000149478102363818
0.439776536658231 0.000211773745622126 0.559800301129268 0.000211388466878435
0.390990295707208 0.000155217122332009 0.608699405425789 0.000155081744671281
0.14714046988999 0.000100036108154344 0.852659363370788 0.000100130631067616
0.603356607440018 0.00020479595521719 0.396233916661357 0.000204679943407476
0.505197999480903 0.000197727915505162 0.494406510565088 0.000197762038503703
0.0112885461557094 6.94453610464756e-05 0.988572766979259 6.92415039847825e-05
0.372914897733929 0.00013407476926365 0.626816449893794 0.000134577603013769
0.793390204903562 0.000136033141028131 0.206337762767181 0.000135999188228621
0.126010687331081 8.00002934050529e-05 0.873829259776121 8.00525993928222e-05
0.0157603873530283 0.426886704701498 0.0691911819552761 0.488161725990198
0.714418449062135 0.000153951176712695 0.285194054922788 0.000233544838364235
0.00116299182334457 3.60157318447197e-05 0.998764980045348 3.60123994631157e-05
0.429844845563304 0.000183876902160949 0.56873651556532 0.00123476196921499
0.270044423527765 0.000192795236938272 0.729570021479093 0.000192759756203366
0.0580723180578575 0.000702157527841423 0.941017436673424 0.000208087740877631
0.117527155424535 0.000210959362332157 0.881504531715393 0.000757353497740062
0.204241707049367 0.000157983857119266 0.795442329197706 0.000157979895807979
0.327369317696441 0.000158581113476548 0.672313624648065 0.000158476542017888
0.464646374323419 0.000165548785019174 0.535022378347377 0.000165698544184498
0.499473483081335 0.000140418442644996 0.500245773963661 0.000140324512359212
0.383398645233675 0.00117219597004229 0.610203937964049 0.00522522083223359
0.0535048264272273 0.00013061432869481 0.946234036396308 0.000130522847770066
0.00055127181547886 0.00497235513121214 0.977702252139496 0.0167741209138133
0.64824102647623 0.00014153511611496 0.351475924066941 0.000141514340714631
0.505645911424758 0.000159816841798624 0.49403452237671 0.000159749356732508
0.837986537647025 0.000146298916473648 0.161396274169671 0.000470889266830802
0.157192810624197 9.09824369380047e-05 0.842625227447867 9.09794909978111e-05
0.4670193290033 0.000130896278191872 0.5327189326124 0.000130842106107918
0.487192602868346 0.000188608378451777 0.512429781793762 0.000189006959440026
0.65790925794231 9.41860638789782e-05 0.341902266808496 9.42891853156312e-05
0.246622112333314 0.000190654077519855 0.752996560939817 0.000190672649349791
0.300722080873935 0.000216358873584696 0.698845251418425 0.000216308834055133
0.737038298947951 0.000133472501634301 0.262694773540401 0.00013345501001342
0.774183855039846 0.000136226655467378 0.225543433567009 0.000136484737676971
0.432004849667705 0.000236499301827456 0.566787857034387 0.000970793996080416
0.629609666041573 0.000211742003600704 0.369379814072605 0.000798777882220832
0.164308349206582 0.00016950236971566 0.835352593150121 0.000169555273580962
0.0285104604802789 7.03119804339627e-05 0.97134890805236 7.03194869271984e-05
0.559613629746386 0.000217740902725338 0.439950831826421 0.000217797524467921
0.0977332741183931 0.0001132177832533 0.901968897782153 0.000184610316201162
0.0894942246283062 0.000107289923360317 0.91029119325393 0.000107292194403373
0.339889358863704 0.000431432452886935 0.659147307490595 0.000531901192813889
0.15079075345718 0.00021556636829238 0.848778109448731 0.000215570725796639
0.00881850632609651 9.92825799021733e-05 0.990982992747323 9.92183466779723e-05
0.141806491622008 0.000163042865420914 0.857867421646654 0.000163043865917164
0.185366298924604 0.000136771390763584 0.814360162072688 0.000136767611944375
0.0841413107643488 0.000882927573230241 0.912853251355042 0.002122510307379
0.50528541387368 0.00014947049155503 0.49441561150518 0.00014950412958552
0.140955685265454 0.000188184551586174 0.858669736432986 0.000186393749973744
0.680075423159501 0.000130379529512389 0.319663803549468 0.000130393761518153
0.583739215600121 0.000247950211006145 0.415764857978645 0.000247976210227893
0.265489362183863 0.000180563040135781 0.734149499125829 0.000180575650171766
0.607606633550781 0.000142912942102232 0.392107415246349 0.00014303826076831
0.0636211495882199 0.00011632966479845 0.935411089457097 0.00085143128988408
0.00999128533127949 4.1095525096356e-05 0.989926505031014 4.11141126097308e-05
0.464226798409782 0.000158070406764434 0.535457155089991 0.000157976093462339
0.25078093983793 0.000160639520379979 0.748898321943281 0.000160098698408567
0.752141981765147 0.000161957307945046 0.247534062821945 0.000161998104962635
9.26101450580763e-05 0.00315539663141908 0.995641841562039 0.00111015166148432
0.970878415908774 7.69391496324832e-05 0.0289677135986998 7.69313428940861e-05
0.483460224578303 0.000157224667789735 0.516225345188135 0.00015720556577219
0.499948708642656 0.000286109973517294 0.499479639052589 0.000285542331237494
0.529781343035582 0.000142057043102717 0.469934443675837 0.000142156245478878
0.000378555094299639 2.89742601617742e-05 0.999563495837431 2.8974808107757e-05
